admit_date,chennai,madurai,tanjore,total_count
1/1/1970,16,30,26,72
1/2/1970,31,18,26,75
1/3/1970,20,35,16,71
1/4/1970,20,22,15,57
1/5/1970,17,29,10,56
1/6/1970,14,21,26,61
1/7/1970,20,37,24,81
1/8/1970,15,31,9,55
1/9/1970,18,31,25,74
1/10/1970,15,32,6,53
1/11/1970,9,24,17,50
1/12/1970,26,31,15,72
1/13/1970,23,22,9,54
1/14/1970,16,22,22,60
1/15/1970,15,30,24,69
1/16/1970,27,40,16,83
1/17/1970,30,26,16,72
1/18/1970,21,22,10,53
1/19/1970,24,13,23,60
1/20/1970,21,32,19,72
1/21/1970,16,30,15,61
1/22/1970,18,15,15,48
1/23/1970,27,23,20,70
1/24/1970,25,14,23,62
1/25/1970,22,14,12,48
1/26/1970,15,31,23,69
1/27/1970,17,29,16,62
1/28/1970,24,29,23,76
1/29/1970,23,31,22,76
1/30/1970,22,37,12,71
1/31/1970,19,16,9,44
2/1/1970,22,30,14,66
2/2/1970,13,16,8,37
2/3/1970,10,19,18,47
2/4/1970,13,42,13,68
2/5/1970,14,24,12,50
2/6/1970,17,31,14,62
2/7/1970,21,15,19,55
2/8/1970,23,30,16,69
2/9/1970,23,32,14,69
2/10/1970,17,33,10,60
2/11/1970,19,23,17,59
2/12/1970,16,34,26,76
2/13/1970,23,20,21,64
2/14/1970,28,24,17,69
2/15/1970,19,28,21,68
2/16/1970,16,25,10,51
2/17/1970,16,30,25,71
2/18/1970,17,27,18,62
2/19/1970,23,29,23,75
2/20/1970,17,27,13,57
2/21/1970,19,33,18,70
2/22/1970,21,23,13,57
2/23/1970,25,20,22,67
2/24/1970,20,25,12,57
2/25/1970,14,35,22,71
2/26/1970,17,27,11,55
2/27/1970,20,20,22,62
2/28/1970,14,43,19,76
3/1/1970,23,28,9,60
3/2/1970,20,25,18,63
3/3/1970,17,23,14,54
3/4/1970,19,39,18,76
3/5/1970,16,27,18,61
3/6/1970,16,31,29,76
3/7/1970,18,23,24,65
3/8/1970,16,25,16,57
3/9/1970,23,29,12,64
3/10/1970,12,28,14,54
3/11/1970,20,25,8,53
3/12/1970,16,21,26,63
3/13/1970,13,36,17,66
3/14/1970,18,26,19,63
3/15/1970,21,25,24,70
3/16/1970,16,42,25,83
3/17/1970,12,12,17,41
3/18/1970,15,44,15,74
3/19/1970,24,26,17,67
3/20/1970,12,20,8,40
3/21/1970,22,34,10,66
3/22/1970,31,31,21,83
3/23/1970,24,38,26,88
3/24/1970,22,33,20,75
3/25/1970,21,41,14,76
3/26/1970,21,15,23,59
3/27/1970,31,24,22,77
3/28/1970,19,29,12,60
3/29/1970,14,18,19,51
3/30/1970,12,32,18,62
3/31/1970,25,38,11,74
4/1/1970,25,20,9,54
4/2/1970,12,32,16,60
4/3/1970,18,35,20,73
4/4/1970,21,14,19,54
4/5/1970,21,36,22,79
4/6/1970,10,29,12,51
4/7/1970,23,17,17,57
4/8/1970,16,26,24,66
4/9/1970,11,25,9,45
4/10/1970,27,25,16,68
4/11/1970,12,32,12,56
4/12/1970,15,33,15,63
4/13/1970,25,28,9,62
4/14/1970,15,31,22,68
4/15/1970,19,32,17,68
4/16/1970,25,23,10,58
4/17/1970,15,31,15,61
4/18/1970,19,25,20,64
4/19/1970,22,23,22,67
4/20/1970,20,22,12,54
4/21/1970,21,14,22,57
4/22/1970,20,38,24,82
4/23/1970,15,20,16,51
4/24/1970,20,13,14,47
4/25/1970,14,18,22,54
4/26/1970,23,37,23,83
4/27/1970,24,32,24,80
4/28/1970,24,39,15,78
4/29/1970,25,28,16,69
4/30/1970,24,26,13,63
5/1/1970,18,37,26,81
5/2/1970,22,34,11,67
5/3/1970,27,30,8,65
5/4/1970,16,19,22,57
5/5/1970,24,32,20,76
5/6/1970,18,29,20,67
5/7/1970,17,25,16,58
5/8/1970,27,31,7,65
5/9/1970,20,21,20,61
5/10/1970,19,30,18,67
5/11/1970,21,35,22,78
5/12/1970,30,27,20,77
5/13/1970,20,29,23,72
5/14/1970,21,21,19,61
5/15/1970,20,26,16,62
5/16/1970,19,19,15,53
5/17/1970,22,33,23,78
5/18/1970,21,25,13,59
5/19/1970,15,38,10,63
5/20/1970,15,23,22,60
5/21/1970,25,31,19,75
5/22/1970,13,28,22,63
5/23/1970,17,25,18,60
5/24/1970,24,21,11,56
5/25/1970,19,20,11,50
5/26/1970,18,44,13,75
5/27/1970,22,34,12,68
5/28/1970,28,22,7,57
5/29/1970,27,35,16,78
5/30/1970,18,37,11,66
5/31/1970,11,34,11,56
6/1/1970,19,20,16,55
6/2/1970,24,35,8,67
6/3/1970,23,35,8,66
6/4/1970,25,24,28,77
6/5/1970,21,41,13,75
6/6/1970,21,31,11,63
6/7/1970,18,17,10,45
6/8/1970,16,37,20,73
6/9/1970,17,33,15,65
6/10/1970,27,27,23,77
6/11/1970,22,37,27,86
6/12/1970,17,15,15,47
6/13/1970,14,33,17,64
6/14/1970,15,16,8,39
6/15/1970,20,21,18,59
6/16/1970,28,35,16,79
6/17/1970,23,35,17,75
6/18/1970,26,23,14,63
6/19/1970,13,18,29,60
6/20/1970,20,22,15,57
6/21/1970,24,21,21,66
6/22/1970,20,33,12,65
6/23/1970,13,35,11,59
6/24/1970,17,24,12,53
6/25/1970,19,37,15,71
6/26/1970,10,29,22,61
6/27/1970,19,26,16,61
6/28/1970,8,18,24,50
6/29/1970,19,21,10,50
6/30/1970,18,32,18,68
7/1/1970,20,29,10,59
7/2/1970,12,38,17,67
7/3/1970,28,19,22,69
7/4/1970,18,27,10,55
7/5/1970,20,23,17,60
7/6/1970,16,36,18,70
7/7/1970,22,27,22,71
7/8/1970,10,33,16,59
7/9/1970,19,37,11,67
7/10/1970,20,27,10,57
7/11/1970,22,38,14,74
7/12/1970,12,42,13,67
7/13/1970,14,23,21,58
7/14/1970,18,31,22,71
7/15/1970,27,29,22,78
7/16/1970,24,13,21,58
7/17/1970,16,31,19,66
7/18/1970,10,34,19,63
7/19/1970,12,16,19,47
7/20/1970,15,23,17,55
7/21/1970,26,24,14,64
7/22/1970,11,24,5,40
7/23/1970,13,29,7,49
7/24/1970,16,24,15,55
7/25/1970,23,25,14,62
7/26/1970,15,31,18,64
7/27/1970,25,28,12,65
7/28/1970,22,30,23,75
7/29/1970,22,26,11,59
7/30/1970,19,17,19,55
7/31/1970,20,21,16,57
8/1/1970,24,19,17,60
8/2/1970,18,19,22,59
8/3/1970,22,39,18,79
8/4/1970,16,11,22,49
8/5/1970,17,15,18,50
8/6/1970,11,31,17,59
8/7/1970,23,40,19,82
8/8/1970,19,15,19,53
8/9/1970,18,35,16,69
8/10/1970,17,31,16,64
8/11/1970,22,14,20,56
8/12/1970,25,39,17,81
8/13/1970,11,34,12,57
8/14/1970,22,20,25,67
8/15/1970,18,24,23,65
8/16/1970,12,12,14,38
8/17/1970,20,18,17,55
8/18/1970,12,18,21,51
8/19/1970,18,26,23,67
8/20/1970,11,27,15,53
8/21/1970,26,21,14,61
8/22/1970,20,24,28,72
8/23/1970,14,29,16,59
8/24/1970,24,33,10,67
8/25/1970,27,16,22,65
8/26/1970,26,25,17,68
8/27/1970,21,23,18,62
8/28/1970,21,29,15,65
8/29/1970,16,22,25,63
8/30/1970,25,32,14,71
8/31/1970,9,17,12,38
9/1/1970,10,17,12,39
9/2/1970,28,24,17,69
9/3/1970,13,23,14,50
9/4/1970,15,29,11,55
9/5/1970,25,34,15,74
9/6/1970,16,26,22,64
9/7/1970,28,16,22,66
9/8/1970,21,36,13,70
9/9/1970,16,17,17,50
9/10/1970,14,34,11,59
9/11/1970,24,32,19,75
9/12/1970,14,26,16,56
9/13/1970,16,32,21,69
9/14/1970,14,41,7,62
9/15/1970,25,44,18,87
9/16/1970,22,26,20,68
9/17/1970,21,31,18,70
9/18/1970,20,27,18,65
9/19/1970,13,25,21,59
9/20/1970,26,14,25,65
9/21/1970,26,15,20,61
9/22/1970,14,23,20,57
9/23/1970,17,30,10,57
9/24/1970,16,36,13,65
9/25/1970,17,30,18,65
9/26/1970,19,22,14,55
9/27/1970,13,31,20,64
9/28/1970,24,28,17,69
9/29/1970,15,33,10,58
9/30/1970,17,24,6,47
10/1/1970,16,22,12,50
10/2/1970,21,31,14,66
10/3/1970,24,27,14,65
10/4/1970,14,35,14,63
10/5/1970,17,44,18,79
10/6/1970,22,24,17,63
10/7/1970,27,18,19,64
10/8/1970,25,18,15,58
10/9/1970,24,35,23,82
10/10/1970,18,19,20,57
10/11/1970,25,31,10,66
10/12/1970,23,36,19,78
10/13/1970,16,39,15,70
10/14/1970,31,28,22,81
10/15/1970,29,26,10,65
10/16/1970,16,30,16,62
10/17/1970,24,26,9,59
10/18/1970,24,29,20,73
10/19/1970,28,32,16,76
10/20/1970,14,35,10,59
10/21/1970,12,43,10,65
10/22/1970,14,30,15,59
10/23/1970,23,23,18,64
10/24/1970,25,33,10,68
10/25/1970,18,39,10,67
10/26/1970,22,21,16,59
10/27/1970,17,25,22,64
10/28/1970,19,27,14,60
10/29/1970,17,19,13,49
10/30/1970,14,27,21,62
10/31/1970,16,13,19,48
11/1/1970,20,39,26,85
11/2/1970,16,12,22,50
11/3/1970,17,27,17,61
11/4/1970,21,31,13,65
11/5/1970,25,33,12,70
11/6/1970,20,34,20,74
11/7/1970,24,20,12,56
11/8/1970,12,28,26,66
11/9/1970,16,43,13,72
11/10/1970,20,38,26,84
11/11/1970,21,32,14,67
11/12/1970,14,33,14,61
11/13/1970,12,21,11,44
11/14/1970,16,40,22,78
11/15/1970,20,26,19,65
11/16/1970,29,24,16,69
11/17/1970,19,32,10,61
11/18/1970,28,30,14,72
11/19/1970,22,38,16,76
11/20/1970,19,21,13,53
11/21/1970,17,17,20,54
11/22/1970,16,24,19,59
11/23/1970,26,26,21,73
11/24/1970,25,25,27,77
11/25/1970,18,17,18,53
11/26/1970,31,32,14,77
11/27/1970,18,35,14,67
11/28/1970,20,35,18,73
11/29/1970,19,33,11,63
11/30/1970,10,38,15,63
12/1/1970,13,23,13,49
12/2/1970,24,37,12,73
12/3/1970,18,33,14,65
12/4/1970,19,29,20,68
12/5/1970,20,25,18,63
12/6/1970,16,28,22,66
12/7/1970,12,30,11,53
12/8/1970,8,34,10,52
12/9/1970,17,22,19,58
12/10/1970,12,22,27,61
12/11/1970,23,28,15,66
12/12/1970,13,20,20,53
12/13/1970,14,17,20,51
12/14/1970,18,27,17,62
12/15/1970,18,30,20,68
12/16/1970,14,22,13,49
12/17/1970,14,24,21,59
12/18/1970,22,31,23,76
12/19/1970,28,28,19,75
12/20/1970,19,28,24,71
12/21/1970,16,35,24,75
12/22/1970,19,31,17,67
12/23/1970,18,23,20,61
12/24/1970,27,24,16,67
12/25/1970,14,19,17,50
12/26/1970,16,36,14,66
12/27/1970,21,31,9,61
12/28/1970,14,18,15,47
12/29/1970,27,20,14,61
12/30/1970,17,30,21,68
12/31/1970,21,32,19,72
1/1/1971,16,13,17,46
1/2/1971,22,18,18,58
1/3/1971,18,32,16,66
1/4/1971,16,29,12,57
1/5/1971,22,31,10,63
1/6/1971,19,31,15,65
1/7/1971,20,13,16,49
1/8/1971,9,22,19,50
1/9/1971,19,29,16,64
1/10/1971,18,14,11,43
1/11/1971,24,22,27,73
1/12/1971,10,27,19,56
1/13/1971,20,23,23,66
1/14/1971,25,38,11,74
1/15/1971,17,28,11,56
1/16/1971,26,30,19,75
1/17/1971,20,17,12,49
1/18/1971,24,28,20,72
1/19/1971,11,9,8,28
1/20/1971,18,24,12,54
1/21/1971,14,20,24,58
1/22/1971,31,27,19,77
1/23/1971,14,39,17,70
1/24/1971,13,32,19,64
1/25/1971,18,29,10,57
1/26/1971,18,26,19,63
1/27/1971,14,25,19,58
1/28/1971,14,37,21,72
1/29/1971,21,24,9,54
1/30/1971,16,15,20,51
1/31/1971,26,29,15,70
2/1/1971,18,23,22,63
2/2/1971,25,16,21,62
2/3/1971,15,18,11,44
2/4/1971,19,22,24,65
2/5/1971,16,22,19,57
2/6/1971,22,31,15,68
2/7/1971,26,27,9,62
2/8/1971,15,34,15,64
2/9/1971,24,28,21,73
2/10/1971,14,41,18,73
2/11/1971,23,19,20,62
2/12/1971,22,21,19,62
2/13/1971,22,21,18,61
2/14/1971,21,36,25,82
2/15/1971,19,13,15,47
2/16/1971,21,23,23,67
2/17/1971,24,31,14,69
2/18/1971,30,15,10,55
2/19/1971,17,22,18,57
2/20/1971,19,40,20,79
2/21/1971,20,29,18,67
2/22/1971,24,25,21,70
2/23/1971,22,14,21,57
2/24/1971,22,28,16,66
2/25/1971,10,34,13,57
2/26/1971,17,20,20,57
2/27/1971,20,30,21,71
2/28/1971,22,25,14,61
3/1/1971,20,34,19,73
3/2/1971,18,28,25,71
3/3/1971,16,15,21,52
3/4/1971,21,20,17,58
3/5/1971,17,19,17,53
3/6/1971,29,31,9,69
3/7/1971,25,14,16,55
3/8/1971,20,30,18,68
3/9/1971,13,26,17,56
3/10/1971,18,23,16,57
3/11/1971,21,21,18,60
3/12/1971,19,25,28,72
3/13/1971,22,27,10,59
3/14/1971,9,26,14,49
3/15/1971,16,13,9,38
3/16/1971,22,30,16,68
3/17/1971,12,27,15,54
3/18/1971,13,17,13,43
3/19/1971,11,16,20,47
3/20/1971,17,30,24,71
3/21/1971,26,29,15,70
3/22/1971,19,18,15,52
3/23/1971,26,25,13,64
3/24/1971,21,31,8,60
3/25/1971,19,21,14,54
3/26/1971,23,16,10,49
3/27/1971,20,22,26,68
3/28/1971,20,22,20,62
3/29/1971,18,29,19,66
3/30/1971,21,17,20,58
3/31/1971,13,27,24,64
4/1/1971,7,38,22,67
4/2/1971,26,42,10,78
4/3/1971,19,21,14,54
4/4/1971,27,26,13,66
4/5/1971,16,32,20,68
4/6/1971,18,26,13,57
4/7/1971,11,18,14,43
4/8/1971,20,25,18,63
4/9/1971,19,34,18,71
4/10/1971,16,22,19,57
4/11/1971,21,37,14,72
4/12/1971,19,35,12,66
4/13/1971,31,16,13,60
4/14/1971,25,37,9,71
4/15/1971,23,34,24,81
4/16/1971,28,28,15,71
4/17/1971,24,34,16,74
4/18/1971,15,27,16,58
4/19/1971,24,31,17,72
4/20/1971,25,33,19,77
4/21/1971,15,28,6,49
4/22/1971,31,20,16,67
4/23/1971,25,18,17,60
4/24/1971,17,32,20,69
4/25/1971,18,25,13,56
4/26/1971,25,28,20,73
4/27/1971,24,18,11,53
4/28/1971,11,32,16,59
4/29/1971,21,31,10,62
4/30/1971,11,30,8,49
5/1/1971,28,27,21,76
5/2/1971,20,14,15,49
5/3/1971,19,30,23,72
5/4/1971,10,28,14,52
5/5/1971,29,22,13,64
5/6/1971,15,33,20,68
5/7/1971,14,30,5,49
5/8/1971,24,39,23,86
5/9/1971,27,31,16,74
5/10/1971,24,33,15,72
5/11/1971,26,24,17,67
5/12/1971,30,24,11,65
5/13/1971,22,27,17,66
5/14/1971,26,20,15,61
5/15/1971,21,40,18,79
5/16/1971,28,17,16,61
5/17/1971,15,36,20,71
5/18/1971,15,34,20,69
5/19/1971,22,31,24,77
5/20/1971,10,30,16,56
5/21/1971,26,28,14,68
5/22/1971,13,34,19,66
5/23/1971,19,43,17,79
5/24/1971,13,26,15,54
5/25/1971,17,18,13,48
5/26/1971,20,22,12,54
5/27/1971,24,20,11,55
5/28/1971,26,24,14,64
5/29/1971,27,37,11,75
5/30/1971,19,19,22,60
5/31/1971,26,18,15,59
6/1/1971,20,23,18,61
6/2/1971,16,16,24,56
6/3/1971,19,23,15,57
6/4/1971,22,20,16,58
6/5/1971,25,42,10,77
6/6/1971,19,33,17,69
6/7/1971,16,32,16,64
6/8/1971,15,32,24,71
6/9/1971,13,25,11,49
6/10/1971,13,16,13,42
6/11/1971,16,10,19,45
6/12/1971,16,24,15,55
6/13/1971,29,12,17,58
6/14/1971,24,15,18,57
6/15/1971,18,32,13,63
6/16/1971,14,33,18,65
6/17/1971,22,26,21,69
6/18/1971,16,27,12,55
6/19/1971,19,29,16,64
6/20/1971,14,14,20,48
6/21/1971,11,30,18,59
6/22/1971,24,20,12,56
6/23/1971,22,30,22,74
6/24/1971,16,19,16,51
6/25/1971,22,40,16,78
6/26/1971,17,28,15,60
6/27/1971,20,25,13,58
6/28/1971,23,17,9,49
6/29/1971,18,30,27,75
6/30/1971,18,28,19,65
7/1/1971,21,37,15,73
7/2/1971,13,34,23,70
7/3/1971,17,32,13,62
7/4/1971,18,32,21,71
7/5/1971,20,22,26,68
7/6/1971,22,27,12,61
7/7/1971,20,38,15,73
7/8/1971,30,18,24,72
7/9/1971,18,33,17,68
7/10/1971,14,14,12,40
7/11/1971,27,38,12,77
7/12/1971,31,26,15,72
7/13/1971,17,22,23,62
7/14/1971,14,26,20,60
7/15/1971,27,33,19,79
7/16/1971,26,17,10,53
7/17/1971,13,45,13,71
7/18/1971,26,20,19,65
7/19/1971,15,32,10,57
7/20/1971,14,17,18,49
7/21/1971,22,23,6,51
7/22/1971,23,26,22,71
7/23/1971,29,22,23,74
7/24/1971,16,33,7,56
7/25/1971,25,31,17,73
7/26/1971,19,28,11,58
7/27/1971,12,23,14,49
7/28/1971,22,31,16,69
7/29/1971,25,25,20,70
7/30/1971,22,17,13,52
7/31/1971,29,26,15,70
8/1/1971,18,27,15,60
8/2/1971,17,18,11,46
8/3/1971,20,40,15,75
8/4/1971,14,24,21,59
8/5/1971,17,33,23,73
8/6/1971,23,28,18,69
8/7/1971,11,32,25,68
8/8/1971,23,26,13,62
8/9/1971,24,24,23,71
8/10/1971,13,29,18,60
8/11/1971,14,21,24,59
8/12/1971,24,34,26,84
8/13/1971,25,30,18,73
8/14/1971,21,27,24,72
8/15/1971,21,31,20,72
8/16/1971,13,27,19,59
8/17/1971,15,21,20,56
8/18/1971,12,23,22,57
8/19/1971,24,33,12,69
8/20/1971,18,34,16,68
8/21/1971,14,28,11,53
8/22/1971,25,34,19,78
8/23/1971,17,25,15,57
8/24/1971,25,31,18,74
8/25/1971,23,23,19,65
8/26/1971,26,33,15,74
8/27/1971,25,26,11,62
8/28/1971,20,35,18,73
8/29/1971,22,17,23,62
8/30/1971,22,16,16,54
8/31/1971,24,29,23,76
9/1/1971,21,23,12,56
9/2/1971,9,27,9,45
9/3/1971,13,34,15,62
9/4/1971,19,28,23,70
9/5/1971,18,24,17,59
9/6/1971,18,12,10,40
9/7/1971,6,19,14,39
9/8/1971,14,30,22,66
9/9/1971,12,32,15,59
9/10/1971,11,33,17,61
9/11/1971,20,14,17,51
9/12/1971,19,25,12,56
9/13/1971,16,24,18,58
9/14/1971,20,27,17,64
9/15/1971,23,33,17,73
9/16/1971,17,21,11,49
9/17/1971,19,24,17,60
9/18/1971,26,32,11,69
9/19/1971,19,26,20,65
9/20/1971,27,36,18,81
9/21/1971,26,26,21,73
9/22/1971,24,13,22,59
9/23/1971,11,26,19,56
9/24/1971,28,47,12,87
9/25/1971,26,29,16,71
9/26/1971,18,23,23,64
9/27/1971,20,23,21,64
9/28/1971,14,36,18,68
9/29/1971,19,19,19,57
9/30/1971,25,26,18,69
10/1/1971,22,26,22,70
10/2/1971,21,21,18,60
10/3/1971,26,28,10,64
10/4/1971,21,45,14,80
10/5/1971,12,33,18,63
10/6/1971,14,29,19,62
10/7/1971,20,29,22,71
10/8/1971,19,30,14,63
10/9/1971,19,36,12,67
10/10/1971,17,35,14,66
10/11/1971,22,20,16,58
10/12/1971,29,29,14,72
10/13/1971,15,35,20,70
10/14/1971,25,28,21,74
10/15/1971,27,25,18,70
10/16/1971,19,21,10,50
10/17/1971,21,32,23,76
10/18/1971,27,25,13,65
10/19/1971,21,33,21,75
10/20/1971,13,28,24,65
10/21/1971,16,16,12,44
10/22/1971,23,32,18,73
10/23/1971,18,18,17,53
10/24/1971,10,27,17,54
10/25/1971,12,33,16,61
10/26/1971,18,27,24,69
10/27/1971,23,38,13,74
10/28/1971,26,11,18,55
10/29/1971,13,27,14,54
10/30/1971,13,32,22,67
10/31/1971,22,30,16,68
11/1/1971,10,16,23,49
11/2/1971,16,31,8,55
11/3/1971,14,23,8,45
11/4/1971,19,28,20,67
11/5/1971,15,25,15,55
11/6/1971,15,24,21,60
11/7/1971,20,22,8,50
11/8/1971,16,24,14,54
11/9/1971,15,28,28,71
11/10/1971,26,26,24,76
11/11/1971,19,26,8,53
11/12/1971,18,13,12,43
11/13/1971,27,26,16,69
11/14/1971,21,29,26,76
11/15/1971,16,18,11,45
11/16/1971,24,27,16,67
11/17/1971,19,34,8,61
11/18/1971,20,31,17,68
11/19/1971,23,17,11,51
11/20/1971,17,30,22,69
11/21/1971,7,17,22,46
11/22/1971,22,25,17,64
11/23/1971,20,37,16,73
11/24/1971,23,22,22,67
11/25/1971,27,34,20,81
11/26/1971,13,21,8,42
11/27/1971,11,30,24,65
11/28/1971,20,41,19,80
11/29/1971,27,23,15,65
11/30/1971,17,31,20,68
12/1/1971,15,41,10,66
12/2/1971,11,20,25,56
12/3/1971,24,38,16,78
12/4/1971,24,19,17,60
12/5/1971,27,35,8,70
12/6/1971,29,24,14,67
12/7/1971,13,27,19,59
12/8/1971,19,21,24,64
12/9/1971,24,30,12,66
12/10/1971,27,18,27,72
12/11/1971,21,22,20,63
12/12/1971,13,10,18,41
12/13/1971,25,26,18,69
12/14/1971,18,31,16,65
12/15/1971,18,40,12,70
12/16/1971,16,32,11,59
12/17/1971,20,22,12,54
12/18/1971,28,17,15,60
12/19/1971,14,21,5,40
12/20/1971,24,22,8,54
12/21/1971,21,35,18,74
12/22/1971,20,22,14,56
12/23/1971,11,21,23,55
12/24/1971,20,33,17,70
12/25/1971,29,32,22,83
12/26/1971,16,21,16,53
12/27/1971,18,20,27,65
12/28/1971,14,32,12,58
12/29/1971,27,30,21,78
12/30/1971,16,25,20,61
12/31/1971,15,32,16,63
1/1/1972,20,25,15,60
1/2/1972,24,32,9,65
1/3/1972,20,27,16,63
1/4/1972,25,34,6,65
1/5/1972,31,20,18,69
1/6/1972,10,18,20,48
1/7/1972,29,26,18,73
1/8/1972,16,31,13,60
1/9/1972,25,29,17,71
1/10/1972,12,29,12,53
1/11/1972,22,31,17,70
1/12/1972,27,36,10,73
1/13/1972,30,24,20,74
1/14/1972,32,23,20,75
1/15/1972,21,33,21,75
1/16/1972,24,26,14,64
1/17/1972,22,18,16,56
1/18/1972,16,28,20,64
1/19/1972,19,16,14,49
1/20/1972,19,29,15,63
1/21/1972,22,23,20,65
1/22/1972,20,28,17,65
1/23/1972,17,38,19,74
1/24/1972,27,20,15,62
1/25/1972,18,18,17,53
1/26/1972,15,31,17,63
1/27/1972,9,33,14,56
1/28/1972,18,31,23,72
1/29/1972,22,35,10,67
1/30/1972,13,30,16,59
1/31/1972,21,29,21,71
2/1/1972,21,22,13,56
2/2/1972,20,35,9,64
2/3/1972,19,28,12,59
2/4/1972,22,44,21,87
2/5/1972,17,14,14,45
2/6/1972,23,39,23,85
2/7/1972,20,21,10,51
2/8/1972,13,32,16,61
2/9/1972,27,22,23,72
2/10/1972,22,28,8,58
2/11/1972,29,36,11,76
2/12/1972,17,18,23,58
2/13/1972,21,30,13,64
2/14/1972,18,33,19,70
2/15/1972,15,46,17,78
2/16/1972,23,39,13,75
2/17/1972,21,23,19,63
2/18/1972,23,21,29,73
2/19/1972,17,40,24,81
2/20/1972,19,38,12,69
2/21/1972,24,20,14,58
2/22/1972,20,40,12,72
2/23/1972,28,16,17,61
2/24/1972,22,28,17,67
2/25/1972,19,27,9,55
2/26/1972,13,17,22,52
2/27/1972,21,21,19,61
2/28/1972,27,27,22,76
2/29/1972,14,39,16,69
3/1/1972,18,28,18,64
3/2/1972,26,25,21,72
3/3/1972,13,19,14,46
3/4/1972,14,38,21,73
3/5/1972,16,22,14,52
3/6/1972,14,22,13,49
3/7/1972,12,40,5,57
3/8/1972,22,34,16,72
3/9/1972,17,32,16,65
3/10/1972,17,26,22,65
3/11/1972,19,21,25,65
3/12/1972,24,29,19,72
3/13/1972,11,25,13,49
3/14/1972,29,18,14,61
3/15/1972,21,23,22,66
3/16/1972,23,19,19,61
3/17/1972,14,39,14,67
3/18/1972,21,31,17,69
3/19/1972,24,12,21,57
3/20/1972,22,30,19,71
3/21/1972,23,30,20,73
3/22/1972,17,27,7,51
3/23/1972,26,30,16,72
3/24/1972,20,29,16,65
3/25/1972,20,18,15,53
3/26/1972,18,24,19,61
3/27/1972,22,23,9,54
3/28/1972,22,33,15,70
3/29/1972,27,24,24,75
3/30/1972,17,39,16,72
3/31/1972,17,14,15,46
4/1/1972,21,12,19,52
4/2/1972,25,29,13,67
4/3/1972,26,25,15,66
4/4/1972,13,24,18,55
4/5/1972,18,28,11,57
4/6/1972,12,33,17,62
4/7/1972,14,20,15,49
4/8/1972,21,28,13,62
4/9/1972,20,35,14,69
4/10/1972,18,20,13,51
4/11/1972,26,23,9,58
4/12/1972,25,35,27,87
4/13/1972,19,9,14,42
4/14/1972,15,25,16,56
4/15/1972,20,36,20,76
4/16/1972,17,37,24,78
4/17/1972,16,37,10,63
4/18/1972,17,47,20,84
4/19/1972,22,33,21,76
4/20/1972,23,33,10,66
4/21/1972,13,38,17,68
4/22/1972,21,24,15,60
4/23/1972,17,22,14,53
4/24/1972,23,31,17,71
4/25/1972,16,29,13,58
4/26/1972,23,35,17,75
4/27/1972,31,29,10,70
4/28/1972,13,20,22,55
4/29/1972,23,23,25,71
4/30/1972,17,34,21,72
5/1/1972,20,31,22,73
5/2/1972,29,19,23,71
5/3/1972,22,15,13,50
5/4/1972,12,20,20,52
5/5/1972,23,13,15,51
5/6/1972,16,25,11,52
5/7/1972,19,33,16,68
5/8/1972,19,42,14,75
5/9/1972,21,27,23,71
5/10/1972,20,29,18,67
5/11/1972,16,9,23,48
5/12/1972,25,38,19,82
5/13/1972,12,31,18,61
5/14/1972,20,24,18,62
5/15/1972,19,22,15,56
5/16/1972,26,21,14,61
5/17/1972,25,30,16,71
5/18/1972,14,37,15,66
5/19/1972,11,22,18,51
5/20/1972,13,31,26,70
5/21/1972,16,32,20,68
5/22/1972,24,26,22,72
5/23/1972,21,22,12,55
5/24/1972,14,16,16,46
5/25/1972,20,31,6,57
5/26/1972,26,23,14,63
5/27/1972,28,31,14,73
5/28/1972,23,18,21,62
5/29/1972,12,21,10,43
5/30/1972,17,31,9,57
5/31/1972,23,19,11,53
6/1/1972,21,30,17,68
6/2/1972,32,17,10,59
6/3/1972,13,18,18,49
6/4/1972,11,32,11,54
6/5/1972,20,13,20,53
6/6/1972,19,35,23,77
6/7/1972,15,21,16,52
6/8/1972,18,35,19,72
6/9/1972,27,34,16,77
6/10/1972,9,23,19,51
6/11/1972,18,25,9,52
6/12/1972,27,22,17,66
6/13/1972,30,34,20,84
6/14/1972,26,38,15,79
6/15/1972,19,31,21,71
6/16/1972,16,11,21,48
6/17/1972,13,23,15,51
6/18/1972,19,32,21,72
6/19/1972,19,31,18,68
6/20/1972,16,19,21,56
6/21/1972,16,42,15,73
6/22/1972,21,21,22,64
6/23/1972,10,24,19,53
6/24/1972,21,20,13,54
6/25/1972,29,20,15,64
6/26/1972,11,15,20,46
6/27/1972,29,28,6,63
6/28/1972,17,18,18,53
6/29/1972,16,15,10,41
6/30/1972,24,34,17,75
7/1/1972,22,28,22,72
7/2/1972,15,19,15,49
7/3/1972,30,35,18,83
7/4/1972,27,27,14,68
7/5/1972,20,20,11,51
7/6/1972,15,22,27,64
7/7/1972,25,18,9,52
7/8/1972,10,37,14,61
7/9/1972,23,28,20,71
7/10/1972,14,29,18,61
7/11/1972,7,29,12,48
7/12/1972,23,33,20,76
7/13/1972,16,8,10,34
7/14/1972,23,15,21,59
7/15/1972,21,11,19,51
7/16/1972,23,29,20,72
7/17/1972,13,28,15,56
7/18/1972,19,35,12,66
7/19/1972,21,16,20,57
7/20/1972,9,25,7,41
7/21/1972,13,26,7,46
7/22/1972,16,25,10,51
7/23/1972,15,10,17,42
7/24/1972,25,19,14,58
7/25/1972,15,19,13,47
7/26/1972,11,33,22,66
7/27/1972,19,23,15,57
7/28/1972,22,16,16,54
7/29/1972,11,28,22,61
7/30/1972,20,25,18,63
7/31/1972,32,29,17,78
8/1/1972,28,21,17,66
8/2/1972,20,32,21,73
8/3/1972,21,21,12,54
8/4/1972,24,30,18,72
8/5/1972,13,22,22,57
8/6/1972,16,25,26,67
8/7/1972,17,32,23,72
8/8/1972,22,17,24,63
8/9/1972,26,32,18,76
8/10/1972,28,15,16,59
8/11/1972,23,21,12,56
8/12/1972,19,24,14,57
8/13/1972,16,31,15,62
8/14/1972,15,37,10,62
8/15/1972,24,26,14,64
8/16/1972,8,27,20,55
8/17/1972,14,40,23,77
8/18/1972,23,29,14,66
8/19/1972,24,32,13,69
8/20/1972,23,23,12,58
8/21/1972,14,37,12,63
8/22/1972,23,19,25,67
8/23/1972,18,38,23,79
8/24/1972,26,25,21,72
8/25/1972,11,35,12,58
8/26/1972,22,28,21,71
8/27/1972,12,20,11,43
8/28/1972,23,29,23,75
8/29/1972,15,36,14,65
8/30/1972,20,22,12,54
8/31/1972,15,20,16,51
9/1/1972,21,34,19,74
9/2/1972,15,11,13,39
9/3/1972,24,17,16,57
9/4/1972,17,30,16,63
9/5/1972,21,15,24,60
9/6/1972,22,35,27,84
9/7/1972,25,33,24,82
9/8/1972,24,30,11,65
9/9/1972,27,35,11,73
9/10/1972,21,24,15,60
9/11/1972,11,27,17,55
9/12/1972,9,38,24,71
9/13/1972,16,27,21,64
9/14/1972,19,40,23,82
9/15/1972,16,23,22,61
9/16/1972,28,40,15,83
9/17/1972,23,29,20,72
9/18/1972,21,28,12,61
9/19/1972,21,25,12,58
9/20/1972,22,35,24,81
9/21/1972,16,27,16,59
9/22/1972,13,27,17,57
9/23/1972,16,23,14,53
9/24/1972,24,33,17,74
9/25/1972,16,35,22,73
9/26/1972,20,33,17,70
9/27/1972,22,27,13,62
9/28/1972,19,25,19,63
9/29/1972,15,20,19,54
9/30/1972,19,29,17,65
10/1/1972,10,27,17,54
10/2/1972,24,18,16,58
10/3/1972,7,23,19,49
10/4/1972,19,15,12,46
10/5/1972,12,35,20,67
10/6/1972,8,17,20,45
10/7/1972,27,40,23,90
10/8/1972,24,32,22,78
10/9/1972,15,37,8,60
10/10/1972,20,25,16,61
10/11/1972,21,25,24,70
10/12/1972,19,24,22,65
10/13/1972,21,40,23,84
10/14/1972,21,33,19,73
10/15/1972,12,36,18,66
10/16/1972,24,17,20,61
10/17/1972,19,26,14,59
10/18/1972,22,33,22,77
10/19/1972,16,19,13,48
10/20/1972,20,22,13,55
10/21/1972,22,37,21,80
10/22/1972,19,17,16,52
10/23/1972,21,13,12,46
10/24/1972,16,39,17,72
10/25/1972,21,33,18,72
10/26/1972,22,35,17,74
10/27/1972,22,38,12,72
10/28/1972,27,17,10,54
10/29/1972,17,9,7,33
10/30/1972,12,29,14,55
10/31/1972,22,32,22,76
11/1/1972,14,12,18,44
11/2/1972,20,23,21,64
11/3/1972,20,23,14,57
11/4/1972,24,27,25,76
11/5/1972,12,26,19,57
11/6/1972,21,29,19,69
11/7/1972,22,29,13,64
11/8/1972,25,21,17,63
11/9/1972,11,15,13,39
11/10/1972,14,18,21,53
11/11/1972,17,30,16,63
11/12/1972,15,21,16,52
11/13/1972,20,20,12,52
11/14/1972,23,18,17,58
11/15/1972,18,23,20,61
11/16/1972,18,17,8,43
11/17/1972,13,33,13,59
11/18/1972,11,23,17,51
11/19/1972,30,40,22,92
11/20/1972,10,23,15,48
11/21/1972,16,27,11,54
11/22/1972,18,22,11,51
11/23/1972,17,32,20,69
11/24/1972,17,27,25,69
11/25/1972,19,34,17,70
11/26/1972,19,21,19,59
11/27/1972,13,16,20,49
11/28/1972,24,13,20,57
11/29/1972,10,46,23,79
11/30/1972,18,15,12,45
12/1/1972,12,30,23,65
12/2/1972,28,11,14,53
12/3/1972,20,18,24,62
12/4/1972,22,32,15,69
12/5/1972,16,29,20,65
12/6/1972,13,23,12,48
12/7/1972,27,23,19,69
12/8/1972,22,27,12,61
12/9/1972,9,24,17,50
12/10/1972,14,10,15,39
12/11/1972,15,27,20,62
12/12/1972,26,31,23,80
12/13/1972,24,35,7,66
12/14/1972,21,42,19,82
12/15/1972,22,27,21,70
12/16/1972,22,31,12,65
12/17/1972,17,19,10,46
12/18/1972,29,25,17,71
12/19/1972,24,23,15,62
12/20/1972,27,34,18,79
12/21/1972,24,25,12,61
12/22/1972,18,16,15,49
12/23/1972,16,34,21,71
12/24/1972,21,30,14,65
12/25/1972,13,36,13,62
12/26/1972,16,12,13,41
12/27/1972,12,31,18,61
12/28/1972,28,16,15,59
12/29/1972,19,38,11,68
12/30/1972,19,36,24,79
12/31/1972,6,25,12,43
1/1/1973,23,23,18,64
1/2/1973,29,37,13,79
1/3/1973,19,19,23,61
1/4/1973,26,26,17,69
1/5/1973,14,36,24,74
1/6/1973,9,17,21,47
1/7/1973,17,34,7,58
1/8/1973,12,25,17,54
1/9/1973,19,18,18,55
1/10/1973,11,23,18,52
1/11/1973,20,16,22,58
1/12/1973,13,43,14,70
1/13/1973,11,22,12,45
1/14/1973,17,27,12,56
1/15/1973,9,28,8,45
1/16/1973,19,27,15,61
1/17/1973,18,40,20,78
1/18/1973,16,28,22,66
1/19/1973,21,37,15,73
1/20/1973,15,21,14,50
1/21/1973,24,39,11,74
1/22/1973,16,33,23,72
1/23/1973,19,29,10,58
1/24/1973,10,36,16,62
1/25/1973,20,23,15,58
1/26/1973,22,20,25,67
1/27/1973,18,26,20,64
1/28/1973,30,38,17,85
1/29/1973,20,29,10,59
1/30/1973,19,17,13,49
1/31/1973,14,21,24,59
2/1/1973,11,19,21,51
2/2/1973,17,23,23,63
2/3/1973,16,23,28,67
2/4/1973,19,39,10,68
2/5/1973,21,28,28,77
2/6/1973,15,37,13,65
2/7/1973,32,27,10,69
2/8/1973,29,27,23,79
2/9/1973,27,20,19,66
2/10/1973,29,21,14,64
2/11/1973,20,34,16,70
2/12/1973,19,36,12,67
2/13/1973,21,38,16,75
2/14/1973,14,26,12,52
2/15/1973,22,24,15,61
2/16/1973,7,25,18,50
2/17/1973,18,6,11,35
2/18/1973,22,24,17,63
2/19/1973,24,29,24,77
2/20/1973,21,23,23,67
2/21/1973,11,26,15,52
2/22/1973,18,29,18,65
2/23/1973,20,25,7,52
2/24/1973,28,31,19,78
2/25/1973,21,17,22,60
2/26/1973,16,35,10,61
2/27/1973,20,28,13,61
2/28/1973,12,29,14,55
3/1/1973,15,23,21,59
3/2/1973,28,31,24,83
3/3/1973,23,42,27,92
3/4/1973,21,35,15,71
3/5/1973,18,16,17,51
3/6/1973,15,35,22,72
3/7/1973,17,31,12,60
3/8/1973,14,28,15,57
3/9/1973,22,32,18,72
3/10/1973,15,16,7,38
3/11/1973,14,30,15,59
3/12/1973,28,21,17,66
3/13/1973,17,24,19,60
3/14/1973,15,26,15,56
3/15/1973,20,30,19,69
3/16/1973,19,22,18,59
3/17/1973,14,40,18,72
3/18/1973,24,28,21,73
3/19/1973,21,17,15,53
3/20/1973,14,13,17,44
3/21/1973,16,33,7,56
3/22/1973,18,31,13,62
3/23/1973,19,28,14,61
3/24/1973,16,34,10,60
3/25/1973,18,37,14,69
3/26/1973,22,21,26,69
3/27/1973,9,35,10,54
3/28/1973,23,37,10,70
3/29/1973,29,15,16,60
3/30/1973,16,24,8,48
3/31/1973,30,26,16,72
4/1/1973,23,37,13,73
4/2/1973,16,18,24,58
4/3/1973,27,32,19,78
4/4/1973,22,28,18,68
4/5/1973,26,27,24,77
4/6/1973,17,26,13,56
4/7/1973,27,17,16,60
4/8/1973,14,19,17,50
4/9/1973,18,31,17,66
4/10/1973,25,24,22,71
4/11/1973,21,24,15,60
4/12/1973,24,30,25,79
4/13/1973,24,34,15,73
4/14/1973,13,39,16,68
4/15/1973,24,23,16,63
4/16/1973,25,27,13,65
4/17/1973,25,27,15,67
4/18/1973,18,27,21,66
4/19/1973,22,30,10,62
4/20/1973,13,18,18,49
4/21/1973,16,24,20,60
4/22/1973,21,28,21,70
4/23/1973,18,20,11,49
4/24/1973,24,25,16,65
4/25/1973,15,33,15,63
4/26/1973,25,21,15,61
4/27/1973,20,21,23,64
4/28/1973,21,30,24,75
4/29/1973,14,32,19,65
4/30/1973,29,18,10,57
5/1/1973,16,26,17,59
5/2/1973,11,25,11,47
5/3/1973,8,20,6,34
5/4/1973,16,31,17,64
5/5/1973,11,27,7,45
5/6/1973,25,34,17,76
5/7/1973,22,17,14,53
5/8/1973,21,40,17,78
5/9/1973,20,14,18,52
5/10/1973,21,32,16,69
5/11/1973,19,36,21,76
5/12/1973,10,40,25,75
5/13/1973,15,25,9,49
5/14/1973,19,28,24,71
5/15/1973,25,26,28,79
5/16/1973,21,21,21,63
5/17/1973,16,28,27,71
5/18/1973,21,29,12,62
5/19/1973,23,30,10,63
5/20/1973,22,26,18,66
5/21/1973,23,22,12,57
5/22/1973,21,17,16,54
5/23/1973,26,26,13,65
5/24/1973,26,21,11,58
5/25/1973,20,21,25,66
5/26/1973,16,29,8,53
5/27/1973,17,20,16,53
5/28/1973,27,14,12,53
5/29/1973,15,36,18,69
5/30/1973,21,28,16,65
5/31/1973,27,21,15,63
6/1/1973,19,11,12,42
6/2/1973,19,26,15,60
6/3/1973,15,15,16,46
6/4/1973,24,18,22,64
6/5/1973,16,20,19,55
6/6/1973,18,44,18,80
6/7/1973,15,29,11,55
6/8/1973,18,24,20,62
6/9/1973,28,29,10,67
6/10/1973,20,29,12,61
6/11/1973,17,31,15,63
6/12/1973,21,21,14,56
6/13/1973,17,43,14,74
6/14/1973,18,28,11,57
6/15/1973,19,23,15,57
6/16/1973,12,25,17,54
6/17/1973,24,22,24,70
6/18/1973,17,37,13,67
6/19/1973,24,16,20,60
6/20/1973,23,36,19,78
6/21/1973,25,15,10,50
6/22/1973,22,34,19,75
6/23/1973,23,23,11,57
6/24/1973,23,23,10,56
6/25/1973,27,22,23,72
6/26/1973,26,17,18,61
6/27/1973,20,27,16,63
6/28/1973,16,47,19,82
6/29/1973,16,29,15,60
6/30/1973,18,21,23,62
7/1/1973,8,13,14,35
7/2/1973,16,30,13,59
7/3/1973,14,23,13,50
7/4/1973,21,26,15,62
7/5/1973,16,30,13,59
7/6/1973,31,24,18,73
7/7/1973,12,14,8,34
7/8/1973,22,11,26,59
7/9/1973,23,20,11,54
7/10/1973,24,39,12,75
7/11/1973,22,31,13,66
7/12/1973,11,32,17,60
7/13/1973,23,37,19,79
7/14/1973,15,20,10,45
7/15/1973,25,30,10,65
7/16/1973,29,35,18,82
7/17/1973,14,27,20,61
7/18/1973,15,24,13,52
7/19/1973,10,20,14,44
7/20/1973,24,10,15,49
7/21/1973,28,19,13,60
7/22/1973,22,32,16,70
7/23/1973,17,18,13,48
7/24/1973,16,25,9,50
7/25/1973,17,19,13,49
7/26/1973,26,23,19,68
7/27/1973,19,11,13,43
7/28/1973,16,35,8,59
7/29/1973,23,22,11,56
7/30/1973,15,28,18,61
7/31/1973,22,30,14,66
8/1/1973,23,22,13,58
8/2/1973,15,32,17,64
8/3/1973,23,31,13,67
8/4/1973,21,29,14,64
8/5/1973,17,35,10,62
8/6/1973,17,20,26,63
8/7/1973,6,20,20,46
8/8/1973,22,26,20,68
8/9/1973,27,16,19,62
8/10/1973,23,21,14,58
8/11/1973,8,11,15,34
8/12/1973,20,29,20,69
8/13/1973,22,29,22,73
8/14/1973,25,24,8,57
8/15/1973,25,24,11,60
8/16/1973,16,16,15,47
8/17/1973,32,21,15,68
8/18/1973,8,14,15,37
8/19/1973,19,33,20,72
8/20/1973,28,29,10,67
8/21/1973,17,36,19,72
8/22/1973,27,17,22,66
8/23/1973,19,18,23,60
8/24/1973,17,34,15,66
8/25/1973,22,36,11,69
8/26/1973,19,14,26,59
8/27/1973,16,25,22,63
8/28/1973,20,23,8,51
8/29/1973,24,11,21,56
8/30/1973,17,33,16,66
8/31/1973,24,25,17,66
9/1/1973,16,28,24,68
9/2/1973,19,40,20,79
9/3/1973,28,30,24,82
9/4/1973,21,15,21,57
9/5/1973,25,31,13,69
9/6/1973,21,28,19,68
9/7/1973,25,18,21,64
9/8/1973,8,16,11,35
9/9/1973,21,33,7,61
9/10/1973,14,22,13,49
9/11/1973,15,27,22,64
9/12/1973,18,19,15,52
9/13/1973,20,38,23,81
9/14/1973,24,24,15,63
9/15/1973,17,45,19,81
9/16/1973,18,27,20,65
9/17/1973,16,23,14,53
9/18/1973,13,31,14,58
9/19/1973,21,12,13,46
9/20/1973,13,21,12,46
9/21/1973,15,22,20,57
9/22/1973,19,37,17,73
9/23/1973,23,23,21,67
9/24/1973,22,27,16,65
9/25/1973,20,33,18,71
9/26/1973,18,31,12,61
9/27/1973,22,21,16,59
9/28/1973,12,20,14,46
9/29/1973,12,25,16,53
9/30/1973,23,42,27,92
10/1/1973,16,38,13,67
10/2/1973,15,23,13,51
10/3/1973,20,12,19,51
10/4/1973,21,26,17,64
10/5/1973,19,22,24,65
10/6/1973,22,37,15,74
10/7/1973,8,11,23,42
10/8/1973,14,24,11,49
10/9/1973,15,18,23,56
10/10/1973,16,27,18,61
10/11/1973,16,22,19,57
10/12/1973,24,33,17,74
10/13/1973,25,23,19,67
10/14/1973,29,34,22,85
10/15/1973,11,16,13,40
10/16/1973,22,30,13,65
10/17/1973,15,25,12,52
10/18/1973,29,15,13,57
10/19/1973,9,35,17,61
10/20/1973,24,25,17,66
10/21/1973,26,31,15,72
10/22/1973,21,44,13,78
10/23/1973,22,46,11,79
10/24/1973,17,27,13,57
10/25/1973,23,33,22,78
10/26/1973,22,43,12,77
10/27/1973,16,27,11,54
10/28/1973,17,42,9,68
10/29/1973,23,20,18,61
10/30/1973,23,18,20,61
10/31/1973,24,27,16,67
11/1/1973,21,31,15,67
11/2/1973,17,24,18,59
11/3/1973,29,26,16,71
11/4/1973,16,30,11,57
11/5/1973,16,30,24,70
11/6/1973,24,21,25,70
11/7/1973,20,32,18,70
11/8/1973,25,21,21,67
11/9/1973,17,31,12,60
11/10/1973,19,28,21,68
11/11/1973,13,8,13,34
11/12/1973,21,40,24,85
11/13/1973,8,33,24,65
11/14/1973,17,23,9,49
11/15/1973,12,22,15,49
11/16/1973,16,28,16,60
11/17/1973,23,23,15,61
11/18/1973,16,33,25,74
11/19/1973,18,28,15,61
11/20/1973,29,12,16,57
11/21/1973,16,22,17,55
11/22/1973,15,26,23,64
11/23/1973,26,34,26,86
11/24/1973,24,9,6,39
11/25/1973,17,31,21,69
11/26/1973,24,26,13,63
11/27/1973,15,16,13,44
11/28/1973,22,30,16,68
11/29/1973,14,33,7,54
11/30/1973,16,28,13,57
12/1/1973,15,39,21,75
12/2/1973,20,38,28,86
12/3/1973,18,24,20,62
12/4/1973,22,34,23,79
12/5/1973,19,32,13,64
12/6/1973,23,28,11,62
12/7/1973,23,33,13,69
12/8/1973,18,19,13,50
12/9/1973,22,38,25,85
12/10/1973,26,32,9,67
12/11/1973,28,13,22,63
12/12/1973,31,27,15,73
12/13/1973,16,36,15,67
12/14/1973,25,40,20,85
12/15/1973,18,34,18,70
12/16/1973,23,15,11,49
12/17/1973,23,21,14,58
12/18/1973,16,23,9,48
12/19/1973,21,20,18,59
12/20/1973,23,22,26,71
12/21/1973,19,25,19,63
12/22/1973,15,29,13,57
12/23/1973,22,27,9,58
12/24/1973,20,35,23,78
12/25/1973,19,36,7,62
12/26/1973,20,39,17,76
12/27/1973,23,30,16,69
12/28/1973,25,17,14,56
12/29/1973,27,25,20,72
12/30/1973,14,33,18,65
12/31/1973,20,7,13,40
1/1/1974,15,21,9,45
1/2/1974,11,25,16,52
1/3/1974,23,28,20,71
1/4/1974,18,21,22,61
1/5/1974,17,31,17,65
1/6/1974,18,27,21,66
1/7/1974,8,37,13,58
1/8/1974,20,38,18,76
1/9/1974,29,22,11,62
1/10/1974,20,26,17,63
1/11/1974,20,30,10,60
1/12/1974,23,22,21,66
1/13/1974,11,40,26,77
1/14/1974,25,23,27,75
1/15/1974,15,29,20,64
1/16/1974,15,21,14,50
1/17/1974,30,14,13,57
1/18/1974,15,21,20,56
1/19/1974,21,24,16,61
1/20/1974,20,37,17,74
1/21/1974,14,33,19,66
1/22/1974,14,24,13,51
1/23/1974,22,44,24,90
1/24/1974,18,23,24,65
1/25/1974,26,20,13,59
1/26/1974,23,21,23,67
1/27/1974,17,11,10,38
1/28/1974,16,31,17,64
1/29/1974,24,44,17,85
1/30/1974,20,32,9,61
1/31/1974,16,41,15,72
2/1/1974,13,35,14,62
2/2/1974,18,31,22,71
2/3/1974,9,25,18,52
2/4/1974,9,26,14,49
2/5/1974,10,20,23,53
2/6/1974,26,23,18,67
2/7/1974,20,26,22,68
2/8/1974,21,29,12,62
2/9/1974,22,29,13,64
2/10/1974,14,16,20,50
2/11/1974,16,39,13,68
2/12/1974,24,32,7,63
2/13/1974,19,16,18,53
2/14/1974,15,28,12,55
2/15/1974,18,27,9,54
2/16/1974,31,25,9,65
2/17/1974,18,36,21,75
2/18/1974,20,21,23,64
2/19/1974,23,35,10,68
2/20/1974,20,10,14,44
2/21/1974,15,23,17,55
2/22/1974,17,24,25,66
2/23/1974,19,32,20,71
2/24/1974,21,35,12,68
2/25/1974,13,30,8,51
2/26/1974,17,18,17,52
2/27/1974,22,13,13,48
2/28/1974,22,36,18,76
3/1/1974,16,29,6,51
3/2/1974,20,25,14,59
3/3/1974,24,37,22,83
3/4/1974,17,32,17,66
3/5/1974,27,35,24,86
3/6/1974,30,28,11,69
3/7/1974,26,29,10,65
3/8/1974,21,36,23,80
3/9/1974,14,39,24,77
3/10/1974,15,23,19,57
3/11/1974,24,28,14,66
3/12/1974,19,29,22,70
3/13/1974,22,31,18,71
3/14/1974,12,21,13,46
3/15/1974,18,16,11,45
3/16/1974,20,39,16,75
3/17/1974,20,23,12,55
3/18/1974,19,18,18,55
3/19/1974,18,34,19,71
3/20/1974,20,27,18,65
3/21/1974,19,37,14,70
3/22/1974,12,29,19,60
3/23/1974,19,23,11,53
3/24/1974,18,36,19,73
3/25/1974,18,30,21,69
3/26/1974,21,24,15,60
3/27/1974,23,35,21,79
3/28/1974,10,30,22,62
3/29/1974,18,36,15,69
3/30/1974,10,21,22,53
3/31/1974,19,29,21,69
4/1/1974,16,25,13,54
4/2/1974,17,30,26,73
4/3/1974,16,27,25,68
4/4/1974,12,34,19,65
4/5/1974,23,36,15,74
4/6/1974,25,30,15,70
4/7/1974,19,27,22,68
4/8/1974,14,17,21,52
4/9/1974,16,12,19,47
4/10/1974,18,24,14,56
4/11/1974,20,25,9,54
4/12/1974,24,16,19,59
4/13/1974,16,20,16,52
4/14/1974,21,28,12,61
4/15/1974,23,24,23,70
4/16/1974,17,36,12,65
4/17/1974,24,31,21,76
4/18/1974,15,20,8,43
4/19/1974,12,19,18,49
4/20/1974,26,31,13,70
4/21/1974,29,30,11,70
4/22/1974,25,30,13,68
4/23/1974,13,13,19,45
4/24/1974,27,24,10,61
4/25/1974,19,24,16,59
4/26/1974,16,36,16,68
4/27/1974,7,34,16,57
4/28/1974,16,36,20,72
4/29/1974,22,17,18,57
4/30/1974,26,33,15,74
5/1/1974,20,37,25,82
5/2/1974,19,12,20,51
5/3/1974,28,39,16,83
5/4/1974,9,45,21,75
5/5/1974,11,31,10,52
5/6/1974,14,32,12,58
5/7/1974,26,29,26,81
5/8/1974,21,23,15,59
5/9/1974,18,40,8,66
5/10/1974,25,33,21,79
5/11/1974,23,19,22,64
5/12/1974,28,20,20,68
5/13/1974,29,25,19,73
5/14/1974,16,17,24,57
5/15/1974,20,19,17,56
5/16/1974,23,12,18,53
5/17/1974,23,29,18,70
5/18/1974,23,33,21,77
5/19/1974,14,20,21,55
5/20/1974,13,26,22,61
5/21/1974,18,22,20,60
5/22/1974,23,29,16,68
5/23/1974,22,23,20,65
5/24/1974,20,33,12,65
5/25/1974,25,22,15,62
5/26/1974,18,39,15,72
5/27/1974,21,20,18,59
5/28/1974,15,27,8,50
5/29/1974,14,22,17,53
5/30/1974,12,24,14,50
5/31/1974,23,17,15,55
6/1/1974,7,21,17,45
6/2/1974,23,33,23,79
6/3/1974,23,29,15,67
6/4/1974,15,25,16,56
6/5/1974,18,23,13,54
6/6/1974,20,32,12,64
6/7/1974,16,39,26,81
6/8/1974,18,32,8,58
6/9/1974,27,32,19,78
6/10/1974,13,31,12,56
6/11/1974,22,20,9,51
6/12/1974,17,26,19,62
6/13/1974,14,33,8,55
6/14/1974,17,44,20,81
6/15/1974,26,13,23,62
6/16/1974,21,20,13,54
6/17/1974,16,38,17,71
6/18/1974,23,32,10,65
6/19/1974,21,28,15,64
6/20/1974,8,33,9,50
6/21/1974,15,23,22,60
6/22/1974,19,22,21,62
6/23/1974,17,24,13,54
6/24/1974,19,29,12,60
6/25/1974,26,24,21,71
6/26/1974,18,23,23,64
6/27/1974,21,36,14,71
6/28/1974,22,25,12,59
6/29/1974,15,13,6,34
6/30/1974,13,34,20,67
7/1/1974,18,16,10,44
7/2/1974,22,28,20,70
7/3/1974,14,24,14,52
7/4/1974,23,26,10,59
7/5/1974,12,24,11,47
7/6/1974,18,38,22,78
7/7/1974,24,29,15,68
7/8/1974,24,23,8,55
7/9/1974,18,23,12,53
7/10/1974,27,23,10,60
7/11/1974,27,22,21,70
7/12/1974,15,23,24,62
7/13/1974,17,21,21,59
7/14/1974,24,34,15,73
7/15/1974,21,33,17,71
7/16/1974,24,37,23,84
7/17/1974,12,27,11,50
7/18/1974,18,21,13,52
7/19/1974,19,38,19,76
7/20/1974,27,30,22,79
7/21/1974,22,32,23,77
7/22/1974,20,42,25,87
7/23/1974,15,32,18,65
7/24/1974,17,31,22,70
7/25/1974,22,15,17,54
7/26/1974,14,17,27,58
7/27/1974,22,27,13,62
7/28/1974,22,24,9,55
7/29/1974,18,28,11,57
7/30/1974,22,15,16,53
7/31/1974,21,34,14,69
8/1/1974,18,30,13,61
8/2/1974,21,26,16,63
8/3/1974,18,20,7,45
8/4/1974,13,23,10,46
8/5/1974,29,28,23,80
8/6/1974,25,40,18,83
8/7/1974,20,27,20,67
8/8/1974,16,36,23,75
8/9/1974,15,16,23,54
8/10/1974,20,18,15,53
8/11/1974,23,16,15,54
8/12/1974,17,15,13,45
8/13/1974,14,32,17,63
8/14/1974,22,23,27,72
8/15/1974,19,19,11,49
8/16/1974,19,41,18,78
8/17/1974,10,15,18,43
8/18/1974,14,33,14,61
8/19/1974,10,22,17,49
8/20/1974,16,34,21,71
8/21/1974,16,16,15,47
8/22/1974,18,19,11,48
8/23/1974,22,34,13,69
8/24/1974,18,25,17,60
8/25/1974,17,28,10,55
8/26/1974,22,15,14,51
8/27/1974,25,22,25,72
8/28/1974,19,38,9,66
8/29/1974,25,24,10,59
8/30/1974,23,20,17,60
8/31/1974,24,28,22,74
9/1/1974,21,31,9,61
9/2/1974,25,28,20,73
9/3/1974,16,29,21,66
9/4/1974,17,32,16,65
9/5/1974,22,29,21,72
9/6/1974,24,36,14,74
9/7/1974,15,26,13,54
9/8/1974,13,34,14,61
9/9/1974,27,23,16,66
9/10/1974,24,23,12,59
9/11/1974,14,16,15,45
9/12/1974,21,25,16,62
9/13/1974,24,7,12,43
9/14/1974,24,30,23,77
9/15/1974,13,31,9,53
9/16/1974,14,32,20,66
9/17/1974,13,22,11,46
9/18/1974,23,32,10,65
9/19/1974,14,28,15,57
9/20/1974,23,12,12,47
9/21/1974,9,15,21,45
9/22/1974,29,25,23,77
9/23/1974,13,28,10,51
9/24/1974,12,25,29,66
9/25/1974,19,20,16,55
9/26/1974,22,25,10,57
9/27/1974,24,33,24,81
9/28/1974,14,27,16,57
9/29/1974,11,22,14,47
9/30/1974,20,26,23,69
10/1/1974,15,35,9,59
10/2/1974,26,30,23,79
10/3/1974,19,30,6,55
10/4/1974,21,22,22,65
10/5/1974,20,29,23,72
10/6/1974,17,42,13,72
10/7/1974,18,33,13,64
10/8/1974,30,33,14,77
10/9/1974,18,16,9,43
10/10/1974,25,39,10,74
10/11/1974,14,20,17,51
10/12/1974,16,24,17,57
10/13/1974,11,27,20,58
10/14/1974,33,39,21,93
10/15/1974,20,27,10,57
10/16/1974,13,29,15,57
10/17/1974,16,23,20,59
10/18/1974,20,35,13,68
10/19/1974,13,30,9,52
10/20/1974,16,23,16,55
10/21/1974,19,35,12,66
10/22/1974,10,29,22,61
10/23/1974,22,32,14,68
10/24/1974,10,32,25,67
10/25/1974,15,18,13,46
10/26/1974,20,32,20,72
10/27/1974,23,32,21,76
10/28/1974,14,19,14,47
10/29/1974,15,20,22,57
10/30/1974,27,18,23,68
10/31/1974,20,34,13,67
11/1/1974,15,20,13,48
11/2/1974,15,20,5,40
11/3/1974,20,36,22,78
11/4/1974,23,21,9,53
11/5/1974,21,18,23,62
11/6/1974,20,26,13,59
11/7/1974,24,26,11,61
11/8/1974,15,20,16,51
11/9/1974,13,34,10,57
11/10/1974,24,23,24,71
11/11/1974,21,30,15,66
11/12/1974,18,22,10,50
11/13/1974,15,24,23,62
11/14/1974,10,23,16,49
11/15/1974,24,28,12,64
11/16/1974,19,25,12,56
11/17/1974,16,29,11,56
11/18/1974,15,31,23,69
11/19/1974,26,23,17,66
11/20/1974,22,22,12,56
11/21/1974,18,35,18,71
11/22/1974,21,37,15,73
11/23/1974,13,25,15,53
11/24/1974,21,11,14,46
11/25/1974,19,27,23,69
11/26/1974,19,32,8,59
11/27/1974,14,36,12,62
11/28/1974,11,20,14,45
11/29/1974,31,23,21,75
11/30/1974,24,32,23,79
12/1/1974,19,40,18,77
12/2/1974,18,17,21,56
12/3/1974,18,27,14,59
12/4/1974,18,23,24,65
12/5/1974,21,20,6,47
12/6/1974,25,32,13,70
12/7/1974,23,23,17,63
12/8/1974,22,25,16,63
12/9/1974,11,19,25,55
12/10/1974,19,36,10,65
12/11/1974,21,30,11,62
12/12/1974,15,26,23,64
12/13/1974,20,35,23,78
12/14/1974,13,32,17,62
12/15/1974,31,32,11,74
12/16/1974,9,32,15,56
12/17/1974,19,14,18,51
12/18/1974,30,16,20,66
12/19/1974,22,31,23,76
12/20/1974,25,32,16,73
12/21/1974,17,33,21,71
12/22/1974,9,42,13,64
12/23/1974,29,32,18,79
12/24/1974,18,32,14,64
12/25/1974,21,33,25,79
12/26/1974,25,24,15,64
12/27/1974,14,28,15,57
12/28/1974,19,28,8,55
12/29/1974,18,22,14,54
12/30/1974,25,18,24,67
12/31/1974,12,16,11,39
1/1/1975,24,20,13,57
1/2/1975,24,15,20,59
1/3/1975,7,8,17,32
1/4/1975,18,37,17,72
1/5/1975,26,32,22,80
1/6/1975,17,23,21,61
1/7/1975,24,29,24,77
1/8/1975,29,25,16,70
1/9/1975,20,30,25,75
1/10/1975,22,24,13,59
1/11/1975,23,22,21,66
1/12/1975,17,39,14,70
1/13/1975,23,33,20,76
1/14/1975,13,30,17,60
1/15/1975,18,35,21,74
1/16/1975,18,34,14,66
1/17/1975,17,24,22,63
1/18/1975,19,38,11,68
1/19/1975,19,24,14,57
1/20/1975,21,18,12,51
1/21/1975,25,31,20,76
1/22/1975,18,23,26,67
1/23/1975,19,35,16,70
1/24/1975,22,13,16,51
1/25/1975,22,31,14,67
1/26/1975,18,34,12,64
1/27/1975,20,24,25,69
1/28/1975,27,41,9,77
1/29/1975,22,24,17,63
1/30/1975,9,44,14,67
1/31/1975,10,27,25,62
2/1/1975,24,41,11,76
2/2/1975,25,27,9,61
2/3/1975,20,33,17,70
2/4/1975,17,21,25,63
2/5/1975,24,24,12,60
2/6/1975,19,9,21,49
2/7/1975,21,33,15,69
2/8/1975,9,31,19,59
2/9/1975,21,33,10,64
2/10/1975,17,25,14,56
2/11/1975,12,20,24,56
2/12/1975,20,32,22,74
2/13/1975,25,12,15,52
2/14/1975,15,23,11,49
2/15/1975,16,21,17,54
2/16/1975,22,19,23,64
2/17/1975,12,40,15,67
2/18/1975,11,24,12,47
2/19/1975,16,32,13,61
2/20/1975,26,23,14,63
2/21/1975,20,31,13,64
2/22/1975,12,14,9,35
2/23/1975,15,20,17,52
2/24/1975,20,19,12,51
2/25/1975,18,27,10,55
2/26/1975,15,20,14,49
2/27/1975,17,14,10,41
2/28/1975,18,23,14,55
3/1/1975,16,29,10,55
3/2/1975,22,17,18,57
3/3/1975,25,28,15,68
3/4/1975,22,33,18,73
3/5/1975,20,37,19,76
3/6/1975,17,26,10,53
3/7/1975,19,25,10,54
3/8/1975,14,29,21,64
3/9/1975,22,22,20,64
3/10/1975,27,24,18,69
3/11/1975,20,27,24,71
3/12/1975,26,20,9,55
3/13/1975,15,37,19,71
3/14/1975,21,19,24,64
3/15/1975,21,30,16,67
3/16/1975,21,30,18,69
3/17/1975,22,22,9,53
3/18/1975,22,44,12,78
3/19/1975,25,19,17,61
3/20/1975,17,36,15,68
3/21/1975,20,18,22,60
3/22/1975,14,40,25,79
3/23/1975,17,23,12,52
3/24/1975,18,24,15,57
3/25/1975,18,24,20,62
3/26/1975,24,27,23,74
3/27/1975,24,16,14,54
3/28/1975,22,32,5,59
3/29/1975,23,32,19,74
3/30/1975,18,28,14,60
3/31/1975,14,20,20,54
4/1/1975,24,35,16,75
4/2/1975,17,22,19,58
4/3/1975,15,21,4,40
4/4/1975,14,31,17,62
4/5/1975,23,29,18,70
4/6/1975,12,30,10,52
4/7/1975,14,30,7,51
4/8/1975,13,29,11,53
4/9/1975,22,17,15,54
4/10/1975,20,13,21,54
4/11/1975,16,25,16,57
4/12/1975,29,19,22,70
4/13/1975,20,37,21,78
4/14/1975,20,28,15,63
4/15/1975,23,28,16,67
4/16/1975,21,28,25,74
4/17/1975,21,21,9,51
4/18/1975,11,28,15,54
4/19/1975,24,35,19,78
4/20/1975,22,19,15,56
4/21/1975,19,28,19,66
4/22/1975,17,22,8,47
4/23/1975,26,19,17,62
4/24/1975,13,32,19,64
4/25/1975,12,20,11,43
4/26/1975,28,24,14,66
4/27/1975,22,25,23,70
4/28/1975,30,25,21,76
4/29/1975,16,28,17,61
4/30/1975,30,22,20,72
5/1/1975,20,38,23,81
5/2/1975,14,34,7,55
5/3/1975,16,29,17,62
5/4/1975,18,37,16,71
5/5/1975,22,29,10,61
5/6/1975,15,34,17,66
5/7/1975,19,31,15,65
5/8/1975,21,33,25,79
5/9/1975,18,16,15,49
5/10/1975,17,25,16,58
5/11/1975,21,28,11,60
5/12/1975,22,11,20,53
5/13/1975,21,34,15,70
5/14/1975,19,32,9,60
5/15/1975,16,25,21,62
5/16/1975,17,35,20,72
5/17/1975,17,33,15,65
5/18/1975,11,19,18,48
5/19/1975,17,24,17,58
5/20/1975,19,26,12,57
5/21/1975,11,38,26,75
5/22/1975,20,31,17,68
5/23/1975,23,17,8,48
5/24/1975,17,42,20,79
5/25/1975,17,38,22,77
5/26/1975,22,46,26,94
5/27/1975,25,29,10,64
5/28/1975,28,19,19,66
5/29/1975,21,27,15,63
5/30/1975,22,20,15,57
5/31/1975,22,21,12,55
6/1/1975,23,27,20,70
6/2/1975,21,26,9,56
6/3/1975,23,34,22,79
6/4/1975,25,28,18,71
6/5/1975,23,22,27,72
6/6/1975,9,23,20,52
6/7/1975,19,35,20,74
6/8/1975,7,26,23,56
6/9/1975,20,32,15,67
6/10/1975,11,27,15,53
6/11/1975,26,22,9,57
6/12/1975,15,24,20,59
6/13/1975,18,27,25,70
6/14/1975,18,15,15,48
6/15/1975,21,28,23,72
6/16/1975,26,10,18,54
6/17/1975,28,45,18,91
6/18/1975,31,18,10,59
6/19/1975,24,30,9,63
6/20/1975,12,28,25,65
6/21/1975,22,43,12,77
6/22/1975,22,20,9,51
6/23/1975,17,32,12,61
6/24/1975,12,26,14,52
6/25/1975,15,29,18,62
6/26/1975,21,28,12,61
6/27/1975,26,22,16,64
6/28/1975,23,26,24,73
6/29/1975,19,25,28,72
6/30/1975,30,24,12,66
7/1/1975,22,27,12,61
7/2/1975,18,28,22,68
7/3/1975,19,29,16,64
7/4/1975,17,12,24,53
7/5/1975,18,20,12,50
7/6/1975,23,41,18,82
7/7/1975,18,38,24,80
7/8/1975,23,24,10,57
7/9/1975,24,24,15,63
7/10/1975,25,31,19,75
7/11/1975,25,11,19,55
7/12/1975,26,15,12,53
7/13/1975,23,30,19,72
7/14/1975,22,19,17,58
7/15/1975,14,23,17,54
7/16/1975,21,29,17,67
7/17/1975,18,35,10,63
7/18/1975,15,16,17,48
7/19/1975,24,38,19,81
7/20/1975,18,24,20,62
7/21/1975,25,28,14,67
7/22/1975,26,21,12,59
7/23/1975,14,18,22,54
7/24/1975,16,32,20,68
7/25/1975,15,25,17,57
7/26/1975,30,17,16,63
7/27/1975,14,23,10,47
7/28/1975,17,34,15,66
7/29/1975,11,25,15,51
7/30/1975,19,13,14,46
7/31/1975,24,20,10,54
8/1/1975,21,30,18,69
8/2/1975,15,35,17,67
8/3/1975,24,21,18,63
8/4/1975,10,41,13,64
8/5/1975,22,32,18,72
8/6/1975,12,34,22,68
8/7/1975,24,23,10,57
8/8/1975,29,29,20,78
8/9/1975,28,25,17,70
8/10/1975,17,34,23,74
8/11/1975,15,29,20,64
8/12/1975,24,31,25,80
8/13/1975,14,29,16,59
8/14/1975,13,26,24,63
8/15/1975,11,23,22,56
8/16/1975,16,40,13,69
8/17/1975,23,46,14,83
8/18/1975,24,27,18,69
8/19/1975,22,26,13,61
8/20/1975,17,26,17,60
8/21/1975,16,22,22,60
8/22/1975,27,27,13,67
8/23/1975,16,37,21,74
8/24/1975,21,22,26,69
8/25/1975,21,35,12,68
8/26/1975,12,13,21,46
8/27/1975,19,40,12,71
8/28/1975,13,40,21,74
8/29/1975,18,30,15,63
8/30/1975,19,29,26,74
8/31/1975,19,34,22,75
9/1/1975,15,27,18,60
9/2/1975,20,13,16,49
9/3/1975,17,22,15,54
9/4/1975,13,26,19,58
9/5/1975,21,25,14,60
9/6/1975,21,23,8,52
9/7/1975,25,29,17,71
9/8/1975,14,28,17,59
9/9/1975,22,39,13,74
9/10/1975,15,34,18,67
9/11/1975,15,29,18,62
9/12/1975,28,32,20,80
9/13/1975,24,34,21,79
9/14/1975,24,23,15,62
9/15/1975,22,25,7,54
9/16/1975,14,30,7,51
9/17/1975,18,31,23,72
9/18/1975,27,34,25,86
9/19/1975,16,31,13,60
9/20/1975,14,32,18,64
9/21/1975,18,22,15,55
9/22/1975,19,29,16,64
9/23/1975,21,32,7,60
9/24/1975,20,8,19,47
9/25/1975,17,27,7,51
9/26/1975,26,20,11,57
9/27/1975,20,26,9,55
9/28/1975,26,20,24,70
9/29/1975,24,24,15,63
9/30/1975,18,27,17,62
10/1/1975,25,19,21,65
10/2/1975,13,37,19,69
10/3/1975,21,27,9,57
10/4/1975,13,28,17,58
10/5/1975,19,10,14,43
10/6/1975,18,33,13,64
10/7/1975,9,24,15,48
10/8/1975,27,29,11,67
10/9/1975,9,35,27,71
10/10/1975,24,37,19,80
10/11/1975,26,24,14,64
10/12/1975,22,38,18,78
10/13/1975,22,21,15,58
10/14/1975,16,32,19,67
10/15/1975,18,27,15,60
10/16/1975,20,39,27,86
10/17/1975,16,32,22,70
10/18/1975,22,24,11,57
10/19/1975,17,23,8,48
10/20/1975,22,37,19,78
10/21/1975,13,32,7,52
10/22/1975,29,17,14,60
10/23/1975,27,17,9,53
10/24/1975,25,28,21,74
10/25/1975,19,25,21,65
10/26/1975,27,14,14,55
10/27/1975,16,23,18,57
10/28/1975,24,28,28,80
10/29/1975,23,34,12,69
10/30/1975,20,32,13,65
10/31/1975,26,35,18,79
11/1/1975,8,31,23,62
11/2/1975,28,19,25,72
11/3/1975,16,40,20,76
11/4/1975,25,31,24,80
11/5/1975,16,17,15,48
11/6/1975,22,36,13,71
11/7/1975,22,30,12,64
11/8/1975,20,26,9,55
11/9/1975,18,27,22,67
11/10/1975,21,28,15,64
11/11/1975,14,33,16,63
11/12/1975,10,39,18,67
11/13/1975,25,17,13,55
11/14/1975,24,23,18,65
11/15/1975,11,19,21,51
11/16/1975,27,35,8,70
11/17/1975,9,30,10,49
11/18/1975,14,36,22,72
11/19/1975,26,39,20,85
11/20/1975,15,24,13,52
11/21/1975,20,24,11,55
11/22/1975,20,27,15,62
11/23/1975,18,38,11,67
11/24/1975,14,40,9,63
11/25/1975,19,32,19,70
11/26/1975,20,14,20,54
11/27/1975,17,17,18,52
11/28/1975,12,27,16,55
11/29/1975,24,29,11,64
11/30/1975,18,21,13,52
12/1/1975,14,32,17,63
12/2/1975,8,27,16,51
12/3/1975,11,24,14,49
12/4/1975,7,41,16,64
12/5/1975,19,21,14,54
12/6/1975,22,34,19,75
12/7/1975,18,28,9,55
12/8/1975,15,35,12,62
12/9/1975,13,14,15,42
12/10/1975,17,38,23,78
12/11/1975,16,15,17,48
12/12/1975,19,35,21,75
12/13/1975,14,24,13,51
12/14/1975,20,27,18,65
12/15/1975,17,29,13,59
12/16/1975,23,22,19,64
12/17/1975,13,30,20,63
12/18/1975,17,27,21,65
12/19/1975,13,21,11,45
12/20/1975,15,25,23,63
12/21/1975,21,32,9,62
12/22/1975,23,26,17,66
12/23/1975,11,27,17,55
12/24/1975,21,28,17,66
12/25/1975,13,30,14,57
12/26/1975,13,24,18,55
12/27/1975,13,26,28,67
12/28/1975,21,35,23,79
12/29/1975,18,27,13,58
12/30/1975,29,23,15,67
12/31/1975,11,24,9,44
1/1/1976,14,32,11,57
1/2/1976,19,20,14,53
1/3/1976,20,25,18,63
1/4/1976,19,21,8,48
1/5/1976,19,33,22,74
1/6/1976,13,24,14,51
1/7/1976,20,34,14,68
1/8/1976,11,34,22,67
1/9/1976,24,17,19,60
1/10/1976,18,28,18,64
1/11/1976,18,19,20,57
1/12/1976,18,31,21,70
1/13/1976,18,31,11,60
1/14/1976,20,17,11,48
1/15/1976,21,35,20,76
1/16/1976,20,27,22,69
1/17/1976,23,27,24,74
1/18/1976,19,43,21,83
1/19/1976,16,25,14,55
1/20/1976,21,26,15,62
1/21/1976,23,32,24,79
1/22/1976,13,37,7,57
1/23/1976,21,12,22,55
1/24/1976,16,16,23,55
1/25/1976,16,30,26,72
1/26/1976,14,25,16,55
1/27/1976,13,20,17,50
1/28/1976,16,33,21,70
1/29/1976,24,28,13,65
1/30/1976,18,30,18,66
1/31/1976,18,24,12,54
2/1/1976,14,35,14,63
2/2/1976,12,18,9,39
2/3/1976,30,13,11,54
2/4/1976,22,33,18,73
2/5/1976,22,23,19,64
2/6/1976,26,31,10,67
2/7/1976,24,19,18,61
2/8/1976,22,29,12,63
2/9/1976,11,28,10,49
2/10/1976,18,24,18,60
2/11/1976,15,38,10,63
2/12/1976,22,32,12,66
2/13/1976,23,37,23,83
2/14/1976,17,21,14,52
2/15/1976,24,43,15,82
2/16/1976,24,32,12,68
2/17/1976,21,29,11,61
2/18/1976,28,14,25,67
2/19/1976,19,43,8,70
2/20/1976,16,28,13,57
2/21/1976,13,36,20,69
2/22/1976,15,26,16,57
2/23/1976,21,20,22,63
2/24/1976,19,34,14,67
2/25/1976,31,32,17,80
2/26/1976,28,35,21,84
2/27/1976,24,27,20,71
2/28/1976,18,17,21,56
2/29/1976,22,24,23,69
3/1/1976,21,14,17,52
3/2/1976,17,23,10,50
3/3/1976,27,29,13,69
3/4/1976,31,31,22,84
3/5/1976,14,19,22,55
3/6/1976,18,25,18,61
3/7/1976,25,27,12,64
3/8/1976,18,25,17,60
3/9/1976,18,17,13,48
3/10/1976,23,18,23,64
3/11/1976,16,35,23,74
3/12/1976,26,28,19,73
3/13/1976,17,21,11,49
3/14/1976,14,40,17,71
3/15/1976,15,38,11,64
3/16/1976,17,21,13,51
3/17/1976,20,29,8,57
3/18/1976,21,34,19,74
3/19/1976,12,27,12,51
3/20/1976,17,31,19,67
3/21/1976,19,18,9,46
3/22/1976,18,35,14,67
3/23/1976,22,33,15,70
3/24/1976,23,17,9,49
3/25/1976,16,17,13,46
3/26/1976,23,31,14,68
3/27/1976,21,29,24,74
3/28/1976,14,23,11,48
3/29/1976,24,21,13,58
3/30/1976,16,33,9,58
3/31/1976,11,26,17,54
4/1/1976,16,23,13,52
4/2/1976,14,24,18,56
4/3/1976,16,31,22,69
4/4/1976,25,33,22,80
4/5/1976,18,40,6,64
4/6/1976,25,32,15,72
4/7/1976,19,20,24,63
4/8/1976,18,28,19,65
4/9/1976,18,16,13,47
4/10/1976,19,15,4,38
4/11/1976,18,34,7,59
4/12/1976,24,39,16,79
4/13/1976,15,23,16,54
4/14/1976,16,37,17,70
4/15/1976,30,40,9,79
4/16/1976,19,35,17,71
4/17/1976,15,19,12,46
4/18/1976,24,18,16,58
4/19/1976,23,26,25,74
4/20/1976,30,35,25,90
4/21/1976,25,27,16,68
4/22/1976,13,19,19,51
4/23/1976,20,24,18,62
4/24/1976,19,21,12,52
4/25/1976,20,21,13,54
4/26/1976,24,26,14,64
4/27/1976,25,26,20,71
4/28/1976,25,24,21,70
4/29/1976,22,29,15,66
4/30/1976,19,44,16,79
5/1/1976,20,30,20,70
5/2/1976,25,28,12,65
5/3/1976,19,30,18,67
5/4/1976,22,28,17,67
5/5/1976,19,29,11,59
5/6/1976,23,17,19,59
5/7/1976,24,29,10,63
5/8/1976,29,35,14,78
5/9/1976,28,22,19,69
5/10/1976,27,33,9,69
5/11/1976,12,21,13,46
5/12/1976,17,25,16,58
5/13/1976,16,37,18,71
5/14/1976,25,13,23,61
5/15/1976,11,22,20,53
5/16/1976,18,33,18,69
5/17/1976,26,31,14,71
5/18/1976,12,23,20,55
5/19/1976,21,18,17,56
5/20/1976,22,29,14,65
5/21/1976,17,26,22,65
5/22/1976,22,17,14,53
5/23/1976,23,20,13,56
5/24/1976,18,14,13,45
5/25/1976,28,28,26,82
5/26/1976,22,28,23,73
5/27/1976,16,37,10,63
5/28/1976,24,35,14,73
5/29/1976,16,17,14,47
5/30/1976,18,26,27,71
5/31/1976,21,29,23,73
6/1/1976,20,26,7,53
6/2/1976,22,35,19,76
6/3/1976,24,32,22,78
6/4/1976,13,24,5,42
6/5/1976,24,24,18,66
6/6/1976,23,22,14,59
6/7/1976,9,27,18,54
6/8/1976,18,34,9,61
6/9/1976,14,22,9,45
6/10/1976,26,19,18,63
6/11/1976,19,30,17,66
6/12/1976,18,40,18,76
6/13/1976,20,36,14,70
6/14/1976,22,20,13,55
6/15/1976,21,31,21,73
6/16/1976,21,17,13,51
6/17/1976,22,30,13,65
6/18/1976,16,26,10,52
6/19/1976,15,26,14,55
6/20/1976,19,33,26,78
6/21/1976,10,34,22,66
6/22/1976,21,15,11,47
6/23/1976,16,21,17,54
6/24/1976,16,32,10,58
6/25/1976,19,23,16,58
6/26/1976,17,11,18,46
6/27/1976,15,36,19,70
6/28/1976,23,24,29,76
6/29/1976,13,44,17,74
6/30/1976,13,33,19,65
7/1/1976,26,35,23,84
7/2/1976,22,31,14,67
7/3/1976,18,21,22,61
7/4/1976,14,27,15,56
7/5/1976,20,21,21,62
7/6/1976,24,27,26,77
7/7/1976,15,31,24,70
7/8/1976,20,18,25,63
7/9/1976,22,35,24,81
7/10/1976,24,16,23,63
7/11/1976,19,23,21,63
7/12/1976,20,25,18,63
7/13/1976,22,21,28,71
7/14/1976,16,36,23,75
7/15/1976,24,19,10,53
7/16/1976,19,36,16,71
7/17/1976,23,22,17,62
7/18/1976,13,43,19,75
7/19/1976,14,29,19,62
7/20/1976,14,26,15,55
7/21/1976,25,22,11,58
7/22/1976,19,35,15,69
7/23/1976,15,26,9,50
7/24/1976,25,35,13,73
7/25/1976,27,28,9,64
7/26/1976,13,26,18,57
7/27/1976,15,41,12,68
7/28/1976,23,23,15,61
7/29/1976,17,30,12,59
7/30/1976,20,21,20,61
7/31/1976,11,34,19,64
8/1/1976,26,22,19,67
8/2/1976,16,24,7,47
8/3/1976,21,33,8,62
8/4/1976,13,26,19,58
8/5/1976,13,21,18,52
8/6/1976,19,18,17,54
8/7/1976,6,20,12,38
8/8/1976,25,31,17,73
8/9/1976,27,29,15,71
8/10/1976,16,35,17,68
8/11/1976,24,20,11,55
8/12/1976,21,31,15,67
8/13/1976,27,21,18,66
8/14/1976,13,39,23,75
8/15/1976,24,37,14,75
8/16/1976,23,26,10,59
8/17/1976,26,16,20,62
8/18/1976,16,19,15,50
8/19/1976,17,22,14,53
8/20/1976,21,22,20,63
8/21/1976,10,41,17,68
8/22/1976,13,25,22,60
8/23/1976,27,25,14,66
8/24/1976,20,36,6,62
8/25/1976,19,7,12,38
8/26/1976,17,34,14,65
8/27/1976,24,29,24,77
8/28/1976,19,37,13,69
8/29/1976,15,17,18,50
8/30/1976,30,33,20,83
8/31/1976,11,21,20,52
9/1/1976,27,16,19,62
9/2/1976,12,21,20,53
9/3/1976,27,42,25,94
9/4/1976,14,38,14,66
9/5/1976,24,29,19,72
9/6/1976,21,33,13,67
9/7/1976,20,29,12,61
9/8/1976,26,30,20,76
9/9/1976,17,18,17,52
9/10/1976,11,19,16,46
9/11/1976,20,23,26,69
9/12/1976,17,30,21,68
9/13/1976,16,24,27,67
9/14/1976,13,25,9,47
9/15/1976,18,45,8,71
9/16/1976,23,15,20,58
9/17/1976,17,15,20,52
9/18/1976,20,30,10,60
9/19/1976,19,37,17,73
9/20/1976,20,28,20,68
9/21/1976,19,25,15,59
9/22/1976,24,25,26,75
9/23/1976,12,35,22,69
9/24/1976,18,24,17,59
9/25/1976,18,23,21,62
9/26/1976,27,26,19,72
9/27/1976,21,31,12,64
9/28/1976,27,28,16,71
9/29/1976,11,20,27,58
9/30/1976,17,31,10,58
10/1/1976,26,20,17,63
10/2/1976,19,31,15,65
10/3/1976,26,20,19,65
10/4/1976,10,17,13,40
10/5/1976,14,26,14,54
10/6/1976,25,34,18,77
10/7/1976,13,38,21,72
10/8/1976,21,20,12,53
10/9/1976,21,28,9,58
10/10/1976,27,38,12,77
10/11/1976,23,24,12,59
10/12/1976,13,31,18,62
10/13/1976,12,29,19,60
10/14/1976,27,20,22,69
10/15/1976,28,25,19,72
10/16/1976,18,27,25,70
10/17/1976,13,18,24,55
10/18/1976,19,36,15,70
10/19/1976,22,22,17,61
10/20/1976,19,37,15,71
10/21/1976,16,24,12,52
10/22/1976,24,32,15,71
10/23/1976,16,20,23,59
10/24/1976,16,24,17,57
10/25/1976,28,22,16,66
10/26/1976,17,42,11,70
10/27/1976,20,35,19,74
10/28/1976,25,24,14,63
10/29/1976,20,29,16,65
10/30/1976,24,33,17,74
10/31/1976,24,31,18,73
11/1/1976,19,24,17,60
11/2/1976,27,24,19,70
11/3/1976,28,17,24,69
11/4/1976,20,23,11,54
11/5/1976,15,23,21,59
11/6/1976,11,29,24,64
11/7/1976,33,32,17,82
11/8/1976,13,35,9,57
11/9/1976,21,27,10,58
11/10/1976,24,34,23,81
11/11/1976,18,31,25,74
11/12/1976,29,39,19,87
11/13/1976,15,35,11,61
11/14/1976,19,19,18,56
11/15/1976,17,38,19,74
11/16/1976,9,20,17,46
11/17/1976,23,25,13,61
11/18/1976,25,15,14,54
11/19/1976,15,34,14,63
11/20/1976,23,14,12,49
11/21/1976,12,21,9,42
11/22/1976,19,33,15,67
11/23/1976,19,25,11,55
11/24/1976,15,30,13,58
11/25/1976,15,32,12,59
11/26/1976,27,40,14,81
11/27/1976,19,26,15,60
11/28/1976,23,29,17,69
11/29/1976,18,19,16,53
11/30/1976,21,22,20,63
12/1/1976,10,22,16,48
12/2/1976,13,19,22,54
12/3/1976,12,33,9,54
12/4/1976,18,25,17,60
12/5/1976,22,29,6,57
12/6/1976,15,19,14,48
12/7/1976,26,38,24,88
12/8/1976,20,24,15,59
12/9/1976,23,26,13,62
12/10/1976,14,22,13,49
12/11/1976,18,22,23,63
12/12/1976,18,23,14,55
12/13/1976,8,24,17,49
12/14/1976,18,31,17,66
12/15/1976,24,14,7,45
12/16/1976,23,29,19,71
12/17/1976,18,24,16,58
12/18/1976,18,22,16,56
12/19/1976,27,25,13,65
12/20/1976,20,20,14,54
12/21/1976,17,35,17,69
12/22/1976,24,39,24,87
12/23/1976,18,27,23,68
12/24/1976,24,23,15,62
12/25/1976,18,26,14,58
12/26/1976,16,25,18,59
12/27/1976,21,18,19,58
12/28/1976,23,35,21,79
12/29/1976,24,25,18,67
12/30/1976,21,33,20,74
12/31/1976,22,23,11,56
1/1/1977,33,33,22,88
1/2/1977,18,33,23,74
1/3/1977,21,26,20,67
1/4/1977,16,20,26,62
1/5/1977,16,28,9,53
1/6/1977,22,28,12,62
1/7/1977,22,24,12,58
1/8/1977,16,36,7,59
1/9/1977,22,32,21,75
1/10/1977,18,35,13,66
1/11/1977,11,34,17,62
1/12/1977,10,22,21,53
1/13/1977,18,42,19,79
1/14/1977,27,23,21,71
1/15/1977,26,23,21,70
1/16/1977,21,33,18,72
1/17/1977,26,31,11,68
1/18/1977,24,38,20,82
1/19/1977,14,22,10,46
1/20/1977,19,31,9,59
1/21/1977,23,24,14,61
1/22/1977,17,24,21,62
1/23/1977,22,14,12,48
1/24/1977,19,30,17,66
1/25/1977,19,34,19,72
1/26/1977,21,28,22,71
1/27/1977,16,14,22,52
1/28/1977,17,20,20,57
1/29/1977,22,6,16,44
1/30/1977,20,45,18,83
1/31/1977,26,33,21,80
2/1/1977,14,40,16,70
2/2/1977,18,28,19,65
2/3/1977,17,32,19,68
2/4/1977,19,30,11,60
2/5/1977,26,26,19,71
2/6/1977,21,23,18,62
2/7/1977,18,33,16,67
2/8/1977,29,32,13,74
2/9/1977,10,28,20,58
2/10/1977,16,23,19,58
2/11/1977,17,25,21,63
2/12/1977,25,37,16,78
2/13/1977,15,15,9,39
2/14/1977,14,37,19,70
2/15/1977,30,22,19,71
2/16/1977,19,37,19,75
2/17/1977,20,28,18,66
2/18/1977,21,32,16,69
2/19/1977,17,26,11,54
2/20/1977,20,21,15,56
2/21/1977,27,23,14,64
2/22/1977,15,22,24,61
2/23/1977,23,40,20,83
2/24/1977,18,32,16,66
2/25/1977,18,32,16,66
2/26/1977,16,36,23,75
2/27/1977,19,21,7,47
2/28/1977,19,32,20,71
3/1/1977,24,21,11,56
3/2/1977,16,20,17,53
3/3/1977,21,27,19,67
3/4/1977,15,31,22,68
3/5/1977,20,20,10,50
3/6/1977,25,32,14,71
3/7/1977,15,18,12,45
3/8/1977,20,42,15,77
3/9/1977,23,28,11,62
3/10/1977,16,33,9,58
3/11/1977,15,16,13,44
3/12/1977,25,30,22,77
3/13/1977,16,26,16,58
3/14/1977,23,24,17,64
3/15/1977,16,14,10,40
3/16/1977,27,19,16,62
3/17/1977,21,29,26,76
3/18/1977,15,22,16,53
3/19/1977,23,20,25,68
3/20/1977,18,34,21,73
3/21/1977,27,26,14,67
3/22/1977,12,17,20,49
3/23/1977,23,31,26,80
3/24/1977,17,37,9,63
3/25/1977,11,35,19,65
3/26/1977,17,12,25,54
3/27/1977,18,28,14,60
3/28/1977,23,26,15,64
3/29/1977,27,32,17,76
3/30/1977,16,14,17,47
3/31/1977,25,26,17,68
4/1/1977,20,19,15,54
4/2/1977,25,14,14,53
4/3/1977,25,27,16,68
4/4/1977,24,31,20,75
4/5/1977,16,15,13,44
4/6/1977,27,42,15,84
4/7/1977,27,43,7,77
4/8/1977,22,29,17,68
4/9/1977,24,20,14,58
4/10/1977,26,26,22,74
4/11/1977,13,22,12,47
4/12/1977,21,18,21,60
4/13/1977,24,39,16,79
4/14/1977,24,25,24,73
4/15/1977,20,22,23,65
4/16/1977,12,24,21,57
4/17/1977,7,28,14,49
4/18/1977,16,33,20,69
4/19/1977,21,33,13,67
4/20/1977,16,34,25,75
4/21/1977,20,19,16,55
4/22/1977,26,23,15,64
4/23/1977,14,23,9,46
4/24/1977,22,24,6,52
4/25/1977,18,34,18,70
4/26/1977,23,32,20,75
4/27/1977,28,25,12,65
4/28/1977,20,20,17,57
4/29/1977,24,27,19,70
4/30/1977,16,20,4,40
5/1/1977,20,16,13,49
5/2/1977,17,47,13,77
5/3/1977,23,35,28,86
5/4/1977,17,28,28,73
5/5/1977,13,26,27,66
5/6/1977,21,29,22,72
5/7/1977,20,18,19,57
5/8/1977,25,25,17,67
5/9/1977,15,29,11,55
5/10/1977,18,34,16,68
5/11/1977,29,19,11,59
5/12/1977,22,16,17,55
5/13/1977,25,28,12,65
5/14/1977,29,22,21,72
5/15/1977,24,13,20,57
5/16/1977,21,39,10,70
5/17/1977,28,26,8,62
5/18/1977,19,29,17,65
5/19/1977,28,14,17,59
5/20/1977,30,27,19,76
5/21/1977,13,25,14,52
5/22/1977,26,30,18,74
5/23/1977,26,31,25,82
5/24/1977,21,33,12,66
5/25/1977,25,26,13,64
5/26/1977,17,36,11,64
5/27/1977,12,18,22,52
5/28/1977,19,30,20,69
5/29/1977,17,40,16,73
5/30/1977,6,20,12,38
5/31/1977,22,30,14,66
6/1/1977,20,35,10,65
6/2/1977,17,21,11,49
6/3/1977,19,43,13,75
6/4/1977,26,31,17,74
6/5/1977,26,24,9,59
6/6/1977,23,13,24,60
6/7/1977,27,33,20,80
6/8/1977,19,28,15,62
6/9/1977,26,18,24,68
6/10/1977,23,29,13,65
6/11/1977,21,30,21,72
6/12/1977,17,26,16,59
6/13/1977,21,22,22,65
6/14/1977,23,22,19,64
6/15/1977,25,10,17,52
6/16/1977,12,17,10,39
6/17/1977,15,30,8,53
6/18/1977,12,17,7,36
6/19/1977,22,22,10,54
6/20/1977,11,30,18,59
6/21/1977,25,34,16,75
6/22/1977,14,29,18,61
6/23/1977,13,35,20,68
6/24/1977,24,18,20,62
6/25/1977,17,20,14,51
6/26/1977,19,24,21,64
6/27/1977,25,27,10,62
6/28/1977,13,18,19,50
6/29/1977,18,34,23,75
6/30/1977,27,31,14,72
7/1/1977,20,27,5,52
7/2/1977,15,29,14,58
7/3/1977,23,28,24,75
7/4/1977,27,34,11,72
7/5/1977,18,31,18,67
7/6/1977,19,27,15,61
7/7/1977,19,16,17,52
7/8/1977,13,37,20,70
7/9/1977,18,34,24,76
7/10/1977,20,27,11,58
7/11/1977,32,38,14,84
7/12/1977,23,27,14,64
7/13/1977,26,33,9,68
7/14/1977,24,34,22,80
7/15/1977,11,34,23,68
7/16/1977,19,32,16,67
7/17/1977,23,11,20,54
7/18/1977,10,11,16,37
7/19/1977,18,23,22,63
7/20/1977,10,14,11,35
7/21/1977,19,24,17,60
7/22/1977,23,25,13,61
7/23/1977,18,22,13,53
7/24/1977,14,24,20,58
7/25/1977,20,28,18,66
7/26/1977,17,23,11,51
7/27/1977,16,19,23,58
7/28/1977,16,27,14,57
7/29/1977,20,18,12,50
7/30/1977,15,21,24,60
7/31/1977,22,29,13,64
8/1/1977,25,31,17,73
8/2/1977,22,31,10,63
8/3/1977,18,24,12,54
8/4/1977,20,28,25,73
8/5/1977,15,25,14,54
8/6/1977,21,30,23,74
8/7/1977,16,23,23,62
8/8/1977,25,14,10,49
8/9/1977,24,24,20,68
8/10/1977,24,32,10,66
8/11/1977,11,24,8,43
8/12/1977,19,29,7,55
8/13/1977,30,14,13,57
8/14/1977,21,38,20,79
8/15/1977,17,26,17,60
8/16/1977,22,25,11,58
8/17/1977,20,32,17,69
8/18/1977,33,24,14,71
8/19/1977,18,40,16,74
8/20/1977,16,40,8,64
8/21/1977,28,16,14,58
8/22/1977,23,28,17,68
8/23/1977,23,28,14,65
8/24/1977,16,34,13,63
8/25/1977,20,39,17,76
8/26/1977,25,24,11,60
8/27/1977,18,18,10,46
8/28/1977,22,29,17,68
8/29/1977,18,27,19,64
8/30/1977,21,10,15,46
8/31/1977,25,37,16,78
9/1/1977,27,19,15,61
9/2/1977,18,26,22,66
9/3/1977,25,39,18,82
9/4/1977,20,32,12,64
9/5/1977,23,21,26,70
9/6/1977,26,30,19,75
9/7/1977,26,23,17,66
9/8/1977,18,26,16,60
9/9/1977,20,36,26,82
9/10/1977,23,28,12,63
9/11/1977,25,28,18,71
9/12/1977,12,36,15,63
9/13/1977,19,34,20,73
9/14/1977,21,30,24,75
9/15/1977,18,22,27,67
9/16/1977,16,23,11,50
9/17/1977,17,39,18,74
9/18/1977,18,41,23,82
9/19/1977,18,16,11,45
9/20/1977,23,19,7,49
9/21/1977,19,15,17,51
9/22/1977,21,16,18,55
9/23/1977,25,37,24,86
9/24/1977,17,34,26,77
9/25/1977,19,37,14,70
9/26/1977,22,32,19,73
9/27/1977,21,27,19,67
9/28/1977,20,38,11,69
9/29/1977,19,30,10,59
9/30/1977,12,28,8,48
10/1/1977,18,42,25,85
10/2/1977,24,31,22,77
10/3/1977,29,23,17,69
10/4/1977,18,10,21,49
10/5/1977,17,26,14,57
10/6/1977,12,16,19,47
10/7/1977,12,23,10,45
10/8/1977,18,28,21,67
10/9/1977,17,26,12,55
10/10/1977,13,20,19,52
10/11/1977,18,21,17,56
10/12/1977,28,23,20,71
10/13/1977,12,19,15,46
10/14/1977,29,38,20,87
10/15/1977,25,31,13,69
10/16/1977,27,27,18,72
10/17/1977,14,22,22,58
10/18/1977,8,28,21,57
10/19/1977,18,38,21,77
10/20/1977,14,21,12,47
10/21/1977,17,29,14,60
10/22/1977,26,20,13,59
10/23/1977,15,32,24,71
10/24/1977,12,27,19,58
10/25/1977,21,32,15,68
10/26/1977,15,27,23,65
10/27/1977,16,19,25,60
10/28/1977,19,18,21,58
10/29/1977,17,24,15,56
10/30/1977,14,26,23,63
10/31/1977,25,28,11,64
11/1/1977,23,24,17,64
11/2/1977,31,31,24,86
11/3/1977,8,38,17,63
11/4/1977,19,39,12,70
11/5/1977,17,7,13,37
11/6/1977,30,19,24,73
11/7/1977,22,30,18,70
11/8/1977,17,33,12,62
11/9/1977,25,36,25,86
11/10/1977,19,28,15,62
11/11/1977,29,24,22,75
11/12/1977,27,20,22,69
11/13/1977,17,9,16,42
11/14/1977,22,22,17,61
11/15/1977,17,26,14,57
11/16/1977,9,30,15,54
11/17/1977,17,18,17,52
11/18/1977,19,26,15,60
11/19/1977,17,17,19,53
11/20/1977,21,30,12,63
11/21/1977,18,35,15,68
11/22/1977,17,37,26,80
11/23/1977,20,24,13,57
11/24/1977,15,24,16,55
11/25/1977,17,40,13,70
11/26/1977,18,30,19,67
11/27/1977,19,24,12,55
11/28/1977,19,36,20,75
11/29/1977,25,14,13,52
11/30/1977,24,23,8,55
12/1/1977,25,33,14,72
12/2/1977,20,38,14,72
12/3/1977,25,32,19,76
12/4/1977,16,26,12,54
12/5/1977,15,33,13,61
12/6/1977,18,23,22,63
12/7/1977,18,31,13,62
12/8/1977,21,28,23,72
12/9/1977,19,33,28,80
12/10/1977,24,19,17,60
12/11/1977,15,26,11,52
12/12/1977,16,28,27,71
12/13/1977,20,35,14,69
12/14/1977,31,11,15,57
12/15/1977,13,21,11,45
12/16/1977,12,16,20,48
12/17/1977,12,22,18,52
12/18/1977,19,32,12,63
12/19/1977,9,20,16,45
12/20/1977,22,21,17,60
12/21/1977,14,22,12,48
12/22/1977,22,24,22,68
12/23/1977,24,22,13,59
12/24/1977,19,25,9,53
12/25/1977,15,30,14,59
12/26/1977,22,9,14,45
12/27/1977,25,34,16,75
12/28/1977,27,29,21,77
12/29/1977,16,28,14,58
12/30/1977,21,26,18,65
12/31/1977,25,31,8,64
1/1/1978,14,43,12,69
1/2/1978,15,16,23,54
1/3/1978,15,29,15,59
1/4/1978,27,23,11,61
1/5/1978,23,16,6,45
1/6/1978,18,35,12,65
1/7/1978,16,23,17,56
1/8/1978,27,15,19,61
1/9/1978,19,41,17,77
1/10/1978,20,23,11,54
1/11/1978,14,29,15,58
1/12/1978,17,28,23,68
1/13/1978,20,29,8,57
1/14/1978,16,34,14,64
1/15/1978,20,24,14,58
1/16/1978,15,11,24,50
1/17/1978,12,24,12,48
1/18/1978,16,30,16,62
1/19/1978,12,15,8,35
1/20/1978,26,36,12,74
1/21/1978,30,39,11,80
1/22/1978,23,31,11,65
1/23/1978,23,17,15,55
1/24/1978,19,33,20,72
1/25/1978,7,27,16,50
1/26/1978,21,14,13,48
1/27/1978,14,20,15,49
1/28/1978,27,40,16,83
1/29/1978,25,37,19,81
1/30/1978,13,28,17,58
1/31/1978,20,36,15,71
2/1/1978,30,34,15,79
2/2/1978,12,25,8,45
2/3/1978,25,23,16,64
2/4/1978,17,39,5,61
2/5/1978,16,38,24,78
2/6/1978,25,31,8,64
2/7/1978,21,35,11,67
2/8/1978,18,29,16,63
2/9/1978,21,33,20,74
2/10/1978,18,32,9,59
2/11/1978,26,33,13,72
2/12/1978,15,15,21,51
2/13/1978,13,25,9,47
2/14/1978,18,25,19,62
2/15/1978,24,24,9,57
2/16/1978,26,24,20,70
2/17/1978,17,43,22,82
2/18/1978,22,21,18,61
2/19/1978,18,32,14,64
2/20/1978,17,20,14,51
2/21/1978,17,30,20,67
2/22/1978,29,27,13,69
2/23/1978,19,37,15,71
2/24/1978,25,23,17,65
2/25/1978,29,24,15,68
2/26/1978,26,44,19,89
2/27/1978,23,29,18,70
2/28/1978,19,18,15,52
3/1/1978,16,33,20,69
3/2/1978,18,27,11,56
3/3/1978,12,31,19,62
3/4/1978,19,33,16,68
3/5/1978,21,31,9,61
3/6/1978,26,30,23,79
3/7/1978,25,32,13,70
3/8/1978,19,41,15,75
3/9/1978,27,19,18,64
3/10/1978,15,10,15,40
3/11/1978,20,24,19,63
3/12/1978,16,27,16,59
3/13/1978,24,30,12,66
3/14/1978,26,15,20,61
3/15/1978,24,37,21,82
3/16/1978,21,28,11,60
3/17/1978,18,33,11,62
3/18/1978,11,35,17,63
3/19/1978,18,20,18,56
3/20/1978,13,25,26,64
3/21/1978,17,21,22,60
3/22/1978,23,21,28,72
3/23/1978,13,30,22,65
3/24/1978,12,31,14,57
3/25/1978,25,22,11,58
3/26/1978,25,24,18,67
3/27/1978,16,17,9,42
3/28/1978,18,18,22,58
3/29/1978,14,22,20,56
3/30/1978,18,25,17,60
3/31/1978,6,43,8,57
4/1/1978,25,26,23,74
4/2/1978,23,16,23,62
4/3/1978,11,32,16,59
4/4/1978,21,37,6,64
4/5/1978,23,17,21,61
4/6/1978,22,21,14,57
4/7/1978,23,39,15,77
4/8/1978,21,36,16,73
4/9/1978,14,23,21,58
4/10/1978,9,28,13,50
4/11/1978,32,17,22,71
4/12/1978,16,33,10,59
4/13/1978,14,31,20,65
4/14/1978,16,20,19,55
4/15/1978,19,30,19,68
4/16/1978,20,31,20,71
4/17/1978,16,35,23,74
4/18/1978,18,17,15,50
4/19/1978,20,18,22,60
4/20/1978,30,30,13,73
4/21/1978,13,17,17,47
4/22/1978,14,30,15,59
4/23/1978,24,19,13,56
4/24/1978,26,36,24,86
4/25/1978,19,28,14,61
4/26/1978,18,28,21,67
4/27/1978,13,35,16,64
4/28/1978,21,38,22,81
4/29/1978,25,27,21,73
4/30/1978,21,25,19,65
5/1/1978,24,25,19,68
5/2/1978,24,29,7,60
5/3/1978,20,23,20,63
5/4/1978,26,16,19,61
5/5/1978,29,21,14,64
5/6/1978,13,18,9,40
5/7/1978,21,35,11,67
5/8/1978,25,20,26,71
5/9/1978,21,22,9,52
5/10/1978,10,26,15,51
5/11/1978,17,12,14,43
5/12/1978,10,17,14,41
5/13/1978,21,20,12,53
5/14/1978,21,30,24,75
5/15/1978,15,12,15,42
5/16/1978,26,23,18,67
5/17/1978,24,28,12,64
5/18/1978,26,19,19,64
5/19/1978,21,38,16,75
5/20/1978,24,11,18,53
5/21/1978,19,26,21,66
5/22/1978,14,21,15,50
5/23/1978,23,33,16,72
5/24/1978,20,34,10,64
5/25/1978,26,27,18,71
5/26/1978,20,7,20,47
5/27/1978,27,20,15,62
5/28/1978,26,23,11,60
5/29/1978,19,38,22,79
5/30/1978,23,39,20,82
5/31/1978,14,35,18,67
6/1/1978,21,21,21,63
6/2/1978,22,39,17,78
6/3/1978,13,26,20,59
6/4/1978,27,38,21,86
6/5/1978,24,29,20,73
6/6/1978,17,42,12,71
6/7/1978,15,33,21,69
6/8/1978,20,10,17,47
6/9/1978,22,28,20,70
6/10/1978,20,29,11,60
6/11/1978,31,19,24,74
6/12/1978,24,38,12,74
6/13/1978,27,19,8,54
6/14/1978,17,33,7,57
6/15/1978,17,27,14,58
6/16/1978,20,19,13,52
6/17/1978,18,28,19,65
6/18/1978,18,21,8,47
6/19/1978,24,32,21,77
6/20/1978,27,34,23,84
6/21/1978,18,38,17,73
6/22/1978,29,19,9,57
6/23/1978,26,30,18,74
6/24/1978,21,20,22,63
6/25/1978,15,21,23,59
6/26/1978,25,24,20,69
6/27/1978,18,19,22,59
6/28/1978,21,29,6,56
6/29/1978,21,33,15,69
6/30/1978,27,34,25,86
7/1/1978,27,21,15,63
7/2/1978,29,30,23,82
7/3/1978,17,27,21,65
7/4/1978,19,34,10,63
7/5/1978,23,27,11,61
7/6/1978,25,16,10,51
7/7/1978,13,28,17,58
7/8/1978,24,32,15,71
7/9/1978,17,23,21,61
7/10/1978,22,41,11,74
7/11/1978,13,16,13,42
7/12/1978,20,20,14,54
7/13/1978,27,37,25,89
7/14/1978,20,36,24,80
7/15/1978,15,26,13,54
7/16/1978,25,31,22,78
7/17/1978,23,22,15,60
7/18/1978,18,19,15,52
7/19/1978,23,37,19,79
7/20/1978,28,27,17,72
7/21/1978,26,34,9,69
7/22/1978,17,30,21,68
7/23/1978,16,28,25,69
7/24/1978,24,31,24,79
7/25/1978,26,30,8,64
7/26/1978,19,32,18,69
7/27/1978,20,33,19,72
7/28/1978,22,15,18,55
7/29/1978,20,32,19,71
7/30/1978,12,36,13,61
7/31/1978,14,44,23,81
8/1/1978,24,9,11,44
8/2/1978,17,17,17,51
8/3/1978,21,17,19,57
8/4/1978,20,30,20,70
8/5/1978,23,43,9,75
8/6/1978,23,36,15,74
8/7/1978,22,31,10,63
8/8/1978,16,21,13,50
8/9/1978,16,41,19,76
8/10/1978,12,44,17,73
8/11/1978,17,28,17,62
8/12/1978,15,24,12,51
8/13/1978,16,20,12,48
8/14/1978,14,28,18,60
8/15/1978,26,28,14,68
8/16/1978,14,25,23,62
8/17/1978,20,33,13,66
8/18/1978,20,27,18,65
8/19/1978,26,14,16,56
8/20/1978,10,28,15,53
8/21/1978,13,33,15,61
8/22/1978,24,26,16,66
8/23/1978,20,26,15,61
8/24/1978,13,23,22,58
8/25/1978,23,24,21,68
8/26/1978,17,23,21,61
8/27/1978,24,25,20,69
8/28/1978,22,28,9,59
8/29/1978,13,23,21,57
8/30/1978,10,22,24,56
8/31/1978,18,31,22,71
9/1/1978,17,21,16,54
9/2/1978,19,33,23,75
9/3/1978,22,34,10,66
9/4/1978,18,37,17,72
9/5/1978,9,27,11,47
9/6/1978,18,26,23,67
9/7/1978,16,35,22,73
9/8/1978,28,29,16,73
9/9/1978,11,31,17,59
9/10/1978,12,33,25,70
9/11/1978,17,32,18,67
9/12/1978,28,27,17,72
9/13/1978,12,19,11,42
9/14/1978,23,27,24,74
9/15/1978,22,10,14,46
9/16/1978,27,18,21,66
9/17/1978,27,24,13,64
9/18/1978,17,31,22,70
9/19/1978,10,29,15,54
9/20/1978,24,31,21,76
9/21/1978,26,34,17,77
9/22/1978,14,22,23,59
9/23/1978,27,17,24,68
9/24/1978,29,30,21,80
9/25/1978,16,36,22,74
9/26/1978,27,20,12,59
9/27/1978,18,42,13,73
9/28/1978,21,39,15,75
9/29/1978,17,31,15,63
9/30/1978,23,23,16,62
10/1/1978,26,29,17,72
10/2/1978,18,27,22,67
10/3/1978,25,39,11,75
10/4/1978,15,19,11,45
10/5/1978,24,45,20,89
10/6/1978,19,17,15,51
10/7/1978,19,26,20,65
10/8/1978,26,21,15,62
10/9/1978,17,22,21,60
10/10/1978,25,26,8,59
10/11/1978,26,20,15,61
10/12/1978,16,34,20,70
10/13/1978,17,16,16,49
10/14/1978,13,19,17,49
10/15/1978,19,37,13,69
10/16/1978,15,26,21,62
10/17/1978,29,34,14,77
10/18/1978,15,30,21,66
10/19/1978,14,25,12,51
10/20/1978,19,28,17,64
10/21/1978,9,37,13,59
10/22/1978,13,25,27,65
10/23/1978,14,35,20,69
10/24/1978,18,19,12,49
10/25/1978,25,11,11,47
10/26/1978,18,28,22,68
10/27/1978,16,22,16,54
10/28/1978,15,18,21,54
10/29/1978,31,28,25,84
10/30/1978,23,12,20,55
10/31/1978,25,27,24,76
11/1/1978,20,26,15,61
11/2/1978,27,15,17,59
11/3/1978,20,37,10,67
11/4/1978,14,16,14,44
11/5/1978,17,21,23,61
11/6/1978,18,32,10,60
11/7/1978,27,19,17,63
11/8/1978,14,27,12,53
11/9/1978,17,33,17,67
11/10/1978,28,31,14,73
11/11/1978,30,34,12,76
11/12/1978,20,30,8,58
11/13/1978,23,39,6,68
11/14/1978,25,28,19,72
11/15/1978,16,39,26,81
11/16/1978,16,10,16,42
11/17/1978,14,19,18,51
11/18/1978,23,33,13,69
11/19/1978,14,26,9,49
11/20/1978,18,24,11,53
11/21/1978,24,38,10,72
11/22/1978,21,19,17,57
11/23/1978,14,31,10,55
11/24/1978,16,33,12,61
11/25/1978,15,31,5,51
11/26/1978,22,25,12,59
11/27/1978,9,30,22,61
11/28/1978,16,21,15,52
11/29/1978,16,31,20,67
11/30/1978,23,32,11,66
12/1/1978,15,39,15,69
12/2/1978,22,39,7,68
12/3/1978,15,21,16,52
12/4/1978,15,21,15,51
12/5/1978,18,17,15,50
12/6/1978,14,29,24,67
12/7/1978,23,34,15,72
12/8/1978,25,32,22,79
12/9/1978,15,31,13,59
12/10/1978,17,22,12,51
12/11/1978,26,32,22,80
12/12/1978,21,14,16,51
12/13/1978,22,26,15,63
12/14/1978,23,22,10,55
12/15/1978,17,30,7,54
12/16/1978,21,24,12,57
12/17/1978,16,22,17,55
12/18/1978,17,10,13,40
12/19/1978,18,13,15,46
12/20/1978,15,38,18,71
12/21/1978,21,34,16,71
12/22/1978,14,27,9,50
12/23/1978,12,29,14,55
12/24/1978,25,8,12,45
12/25/1978,24,16,17,57
12/26/1978,19,18,21,58
12/27/1978,18,21,18,57
12/28/1978,28,41,23,92
12/29/1978,17,31,13,61
12/30/1978,18,36,16,70
12/31/1978,16,39,17,72
1/1/1979,25,36,17,78
1/2/1979,18,17,15,50
1/3/1979,16,32,8,56
1/4/1979,21,29,16,66
1/5/1979,20,29,19,68
1/6/1979,18,26,25,69
1/7/1979,27,30,14,71
1/8/1979,20,31,14,65
1/9/1979,19,29,18,66
1/10/1979,14,24,16,54
1/11/1979,20,26,12,58
1/12/1979,16,31,23,70
1/13/1979,20,16,23,59
1/14/1979,17,31,12,60
1/15/1979,16,24,22,62
1/16/1979,22,39,16,77
1/17/1979,19,34,18,71
1/18/1979,17,33,13,63
1/19/1979,18,12,8,38
1/20/1979,16,16,21,53
1/21/1979,18,33,23,74
1/22/1979,20,19,9,48
1/23/1979,13,21,25,59
1/24/1979,11,21,5,37
1/25/1979,21,31,15,67
1/26/1979,22,16,18,56
1/27/1979,21,22,15,58
1/28/1979,23,26,24,73
1/29/1979,19,20,24,63
1/30/1979,19,18,21,58
1/31/1979,26,21,13,60
2/1/1979,11,18,13,42
2/2/1979,17,25,7,49
2/3/1979,22,39,29,90
2/4/1979,12,24,14,50
2/5/1979,16,29,9,54
2/6/1979,18,31,10,59
2/7/1979,24,30,17,71
2/8/1979,15,30,21,66
2/9/1979,15,26,16,57
2/10/1979,23,20,16,59
2/11/1979,22,22,22,66
2/12/1979,17,15,14,46
2/13/1979,23,25,23,71
2/14/1979,20,22,19,61
2/15/1979,26,27,24,77
2/16/1979,15,35,8,58
2/17/1979,23,23,27,73
2/18/1979,13,25,19,57
2/19/1979,16,26,11,53
2/20/1979,23,23,11,57
2/21/1979,28,20,19,67
2/22/1979,28,15,19,62
2/23/1979,14,29,21,64
2/24/1979,14,34,20,68
2/25/1979,14,27,12,53
2/26/1979,27,33,21,81
2/27/1979,26,20,18,64
2/28/1979,31,19,17,67
3/1/1979,19,25,13,57
3/2/1979,15,31,23,69
3/3/1979,20,27,21,68
3/4/1979,15,39,18,72
3/5/1979,19,36,25,80
3/6/1979,14,30,13,57
3/7/1979,19,25,16,60
3/8/1979,25,20,15,60
3/9/1979,22,14,22,58
3/10/1979,22,16,26,64
3/11/1979,28,29,17,74
3/12/1979,14,23,12,49
3/13/1979,16,33,19,68
3/14/1979,15,16,24,55
3/15/1979,16,28,20,64
3/16/1979,15,34,19,68
3/17/1979,14,22,14,50
3/18/1979,16,22,21,59
3/19/1979,17,24,14,55
3/20/1979,27,21,12,60
3/21/1979,28,40,14,82
3/22/1979,23,28,20,71
3/23/1979,14,37,15,66
3/24/1979,17,40,28,85
3/25/1979,22,35,24,81
3/26/1979,22,37,15,74
3/27/1979,25,29,20,74
3/28/1979,24,24,20,68
3/29/1979,18,34,15,67
3/30/1979,20,44,8,72
3/31/1979,24,34,9,67
4/1/1979,14,24,17,55
4/2/1979,17,37,24,78
4/3/1979,17,32,16,65
4/4/1979,22,26,19,67
4/5/1979,19,36,17,72
4/6/1979,17,15,16,48
4/7/1979,27,20,18,65
4/8/1979,17,15,14,46
4/9/1979,20,21,14,55
4/10/1979,26,13,21,60
4/11/1979,12,17,16,45
4/12/1979,19,20,17,56
4/13/1979,24,15,27,66
4/14/1979,23,25,16,64
4/15/1979,26,15,12,53
4/16/1979,13,33,23,69
4/17/1979,17,40,19,76
4/18/1979,22,22,13,57
4/19/1979,15,33,23,71
4/20/1979,27,19,16,62
4/21/1979,21,12,17,50
4/22/1979,8,14,16,38
4/23/1979,15,33,10,58
4/24/1979,20,21,15,56
4/25/1979,24,28,19,71
4/26/1979,15,22,20,57
4/27/1979,6,23,16,45
4/28/1979,18,30,15,63
4/29/1979,21,19,7,47
4/30/1979,15,24,16,55
5/1/1979,15,30,21,66
5/2/1979,25,29,16,70
5/3/1979,18,18,16,52
5/4/1979,19,31,25,75
5/5/1979,24,15,21,60
5/6/1979,17,26,10,53
5/7/1979,21,24,16,61
5/8/1979,25,31,23,79
5/9/1979,24,30,10,64
5/10/1979,8,30,18,56
5/11/1979,23,25,16,64
5/12/1979,21,16,15,52
5/13/1979,22,21,9,52
5/14/1979,21,27,18,66
5/15/1979,26,27,14,67
5/16/1979,22,30,23,75
5/17/1979,26,21,16,63
5/18/1979,27,31,23,81
5/19/1979,17,14,14,45
5/20/1979,24,27,18,69
5/21/1979,22,29,14,65
5/22/1979,27,17,20,64
5/23/1979,19,20,20,59
5/24/1979,25,24,16,65
5/25/1979,21,42,17,80
5/26/1979,20,26,23,69
5/27/1979,16,17,21,54
5/28/1979,28,19,22,69
5/29/1979,17,29,12,58
5/30/1979,19,27,10,56
5/31/1979,20,26,12,58
6/1/1979,27,39,16,82
6/2/1979,27,38,21,86
6/3/1979,15,32,22,69
6/4/1979,21,30,21,72
6/5/1979,19,26,15,60
6/6/1979,19,19,20,58
6/7/1979,18,20,10,48
6/8/1979,14,19,18,51
6/9/1979,18,34,19,71
6/10/1979,23,24,12,59
6/11/1979,22,19,11,52
6/12/1979,24,25,10,59
6/13/1979,18,26,20,64
6/14/1979,20,33,19,72
6/15/1979,20,33,9,62
6/16/1979,14,27,23,64
6/17/1979,7,25,24,56
6/18/1979,22,23,9,54
6/19/1979,21,24,12,57
6/20/1979,16,24,16,56
6/21/1979,26,34,15,75
6/22/1979,16,20,14,50
6/23/1979,19,28,16,63
6/24/1979,15,14,25,54
6/25/1979,31,28,14,73
6/26/1979,18,14,8,40
6/27/1979,18,33,16,67
6/28/1979,29,37,13,79
6/29/1979,21,32,11,64
6/30/1979,22,34,12,68
7/1/1979,10,33,21,64
7/2/1979,20,28,23,71
7/3/1979,18,20,14,52
7/4/1979,14,22,11,47
7/5/1979,22,26,21,69
7/6/1979,25,18,21,64
7/7/1979,20,24,15,59
7/8/1979,23,31,16,70
7/9/1979,16,29,13,58
7/10/1979,15,25,17,57
7/11/1979,27,29,16,72
7/12/1979,22,33,13,68
7/13/1979,25,25,20,70
7/14/1979,12,32,12,56
7/15/1979,21,39,29,89
7/16/1979,17,14,11,42
7/17/1979,17,14,13,44
7/18/1979,18,22,6,46
7/19/1979,20,22,21,63
7/20/1979,13,18,18,49
7/21/1979,17,42,16,75
7/22/1979,17,34,15,66
7/23/1979,17,35,22,74
7/24/1979,14,37,18,69
7/25/1979,29,29,8,66
7/26/1979,20,21,13,54
7/27/1979,24,33,20,77
7/28/1979,14,28,9,51
7/29/1979,18,30,15,63
7/30/1979,14,11,13,38
7/31/1979,20,23,19,62
8/1/1979,16,20,14,50
8/2/1979,24,32,27,83
8/3/1979,16,31,25,72
8/4/1979,13,24,17,54
8/5/1979,24,33,12,69
8/6/1979,18,24,20,62
8/7/1979,24,30,11,65
8/8/1979,22,19,17,58
8/9/1979,19,26,26,71
8/10/1979,16,18,21,55
8/11/1979,25,34,14,73
8/12/1979,10,29,22,61
8/13/1979,20,42,12,74
8/14/1979,16,41,22,79
8/15/1979,27,24,18,69
8/16/1979,14,22,22,58
8/17/1979,19,23,13,55
8/18/1979,20,42,15,77
8/19/1979,20,16,16,52
8/20/1979,15,35,18,68
8/21/1979,17,29,20,66
8/22/1979,19,33,14,66
8/23/1979,22,26,8,56
8/24/1979,27,26,13,66
8/25/1979,21,23,9,53
8/26/1979,21,27,19,67
8/27/1979,23,15,19,57
8/28/1979,26,31,14,71
8/29/1979,22,19,23,64
8/30/1979,10,20,21,51
8/31/1979,20,16,15,51
9/1/1979,22,25,21,68
9/2/1979,17,29,19,65
9/3/1979,16,27,11,54
9/4/1979,10,17,13,40
9/5/1979,17,38,17,72
9/6/1979,25,29,19,73
9/7/1979,14,38,8,60
9/8/1979,26,30,10,66
9/9/1979,25,39,16,80
9/10/1979,10,30,13,53
9/11/1979,21,32,13,66
9/12/1979,10,30,21,61
9/13/1979,16,32,11,59
9/14/1979,19,27,20,66
9/15/1979,19,30,9,58
9/16/1979,25,24,25,74
9/17/1979,26,15,21,62
9/18/1979,28,27,11,66
9/19/1979,23,33,12,68
9/20/1979,15,12,15,42
9/21/1979,11,16,16,43
9/22/1979,23,16,15,54
9/23/1979,24,19,17,60
9/24/1979,12,21,20,53
9/25/1979,27,34,21,82
9/26/1979,12,41,19,72
9/27/1979,22,30,17,69
9/28/1979,19,21,11,51
9/29/1979,25,17,11,53
9/30/1979,25,15,24,64
10/1/1979,22,17,11,50
10/2/1979,23,32,11,66
10/3/1979,18,37,22,77
10/4/1979,20,23,19,62
10/5/1979,20,34,22,76
10/6/1979,21,25,19,65
10/7/1979,23,24,17,64
10/8/1979,26,31,16,73
10/9/1979,18,24,13,55
10/10/1979,26,20,13,59
10/11/1979,20,23,15,58
10/12/1979,18,34,24,76
10/13/1979,17,32,23,72
10/14/1979,21,21,16,58
10/15/1979,7,38,17,62
10/16/1979,18,39,4,61
10/17/1979,21,29,19,69
10/18/1979,18,33,13,64
10/19/1979,12,25,12,49
10/20/1979,27,39,22,88
10/21/1979,22,33,16,71
10/22/1979,22,23,18,63
10/23/1979,18,31,13,62
10/24/1979,27,14,14,55
10/25/1979,12,28,11,51
10/26/1979,9,27,11,47
10/27/1979,20,44,19,83
10/28/1979,19,41,11,71
10/29/1979,21,28,19,68
10/30/1979,16,32,12,60
10/31/1979,14,32,18,64
11/1/1979,21,14,22,57
11/2/1979,19,38,17,74
11/3/1979,11,24,21,56
11/4/1979,19,40,23,82
11/5/1979,20,19,12,51
11/6/1979,15,18,20,53
11/7/1979,13,22,27,62
11/8/1979,27,35,13,75
11/9/1979,15,13,14,42
11/10/1979,23,21,21,65
11/11/1979,18,23,14,55
11/12/1979,15,28,17,60
11/13/1979,16,13,25,54
11/14/1979,22,20,16,58
11/15/1979,24,28,15,67
11/16/1979,15,38,16,69
11/17/1979,10,38,22,70
11/18/1979,23,22,12,57
11/19/1979,18,16,20,54
11/20/1979,13,37,15,65
11/21/1979,22,19,13,54
11/22/1979,12,23,15,50
11/23/1979,20,36,17,73
11/24/1979,18,17,10,45
11/25/1979,26,35,13,74
11/26/1979,17,37,15,69
11/27/1979,19,45,8,72
11/28/1979,8,27,12,47
11/29/1979,17,27,8,52
11/30/1979,15,23,19,57
12/1/1979,25,23,8,56
12/2/1979,21,26,13,60
12/3/1979,22,41,11,74
12/4/1979,24,38,27,89
12/5/1979,11,13,22,46
12/6/1979,25,19,12,56
12/7/1979,30,36,16,82
12/8/1979,13,22,20,55
12/9/1979,10,23,16,49
12/10/1979,15,30,16,61
12/11/1979,11,18,14,43
12/12/1979,18,19,12,49
12/13/1979,17,13,21,51
12/14/1979,23,20,17,60
12/15/1979,26,24,25,75
12/16/1979,17,32,14,63
12/17/1979,11,29,13,53
12/18/1979,23,27,13,63
12/19/1979,14,24,20,58
12/20/1979,15,19,13,47
12/21/1979,9,16,14,39
12/22/1979,15,29,19,63
12/23/1979,16,28,13,57
12/24/1979,23,20,14,57
12/25/1979,23,21,10,54
12/26/1979,17,28,13,58
12/27/1979,18,26,15,59
12/28/1979,21,35,18,74
12/29/1979,21,34,8,63
12/30/1979,19,22,13,54
12/31/1979,25,29,21,75
1/1/1980,25,23,15,63
1/2/1980,18,41,18,77
1/3/1980,22,20,23,65
1/4/1980,27,33,10,70
1/5/1980,18,23,11,52
1/6/1980,9,13,11,33
1/7/1980,8,29,21,58
1/8/1980,13,17,16,46
1/9/1980,13,22,23,58
1/10/1980,17,22,20,59
1/11/1980,26,23,14,63
1/12/1980,20,25,18,63
1/13/1980,28,40,15,83
1/14/1980,18,27,19,64
1/15/1980,23,18,21,62
1/16/1980,26,36,8,70
1/17/1980,7,22,21,50
1/18/1980,25,31,17,73
1/19/1980,28,26,13,67
1/20/1980,30,38,20,88
1/21/1980,17,24,19,60
1/22/1980,14,28,16,58
1/23/1980,17,31,14,62
1/24/1980,27,30,14,71
1/25/1980,18,35,27,80
1/26/1980,15,31,12,58
1/27/1980,17,28,10,55
1/28/1980,22,24,29,75
1/29/1980,26,16,6,48
1/30/1980,12,22,28,62
1/31/1980,18,31,20,69
2/1/1980,11,30,12,53
2/2/1980,22,41,19,82
2/3/1980,23,23,20,66
2/4/1980,20,17,21,58
2/5/1980,20,40,12,72
2/6/1980,18,15,19,52
2/7/1980,19,37,18,74
2/8/1980,18,32,12,62
2/9/1980,17,14,16,47
2/10/1980,19,37,20,76
2/11/1980,20,17,9,46
2/12/1980,21,32,11,64
2/13/1980,21,30,10,61
2/14/1980,25,46,10,81
2/15/1980,25,32,8,65
2/16/1980,27,35,12,74
2/17/1980,18,25,14,57
2/18/1980,25,24,22,71
2/19/1980,21,33,25,79
2/20/1980,11,25,9,45
2/21/1980,25,35,25,85
2/22/1980,17,29,11,57
2/23/1980,29,18,10,57
2/24/1980,14,13,16,43
2/25/1980,14,32,15,61
2/26/1980,22,26,21,69
2/27/1980,21,28,19,68
2/28/1980,26,36,14,76
2/29/1980,19,23,18,60
3/1/1980,22,11,11,44
3/2/1980,19,20,17,56
3/3/1980,24,35,18,77
3/4/1980,24,13,17,54
3/5/1980,11,30,9,50
3/6/1980,20,37,14,71
3/7/1980,28,34,15,77
3/8/1980,30,34,8,72
3/9/1980,21,29,14,64
3/10/1980,18,31,21,70
3/11/1980,13,32,25,70
3/12/1980,17,35,15,67
3/13/1980,12,14,21,47
3/14/1980,12,26,18,56
3/15/1980,14,16,18,48
3/16/1980,25,26,20,71
3/17/1980,23,34,14,71
3/18/1980,14,31,14,59
3/19/1980,15,38,11,64
3/20/1980,28,18,17,63
3/21/1980,18,29,21,68
3/22/1980,17,24,18,59
3/23/1980,16,26,13,55
3/24/1980,26,21,14,61
3/25/1980,17,22,8,47
3/26/1980,23,26,13,62
3/27/1980,21,31,17,69
3/28/1980,15,34,18,67
3/29/1980,19,32,22,73
3/30/1980,17,31,22,70
3/31/1980,14,11,26,51
4/1/1980,17,28,10,55
4/2/1980,17,35,13,65
4/3/1980,27,36,11,74
4/4/1980,13,28,19,60
4/5/1980,18,19,20,57
4/6/1980,9,21,14,44
4/7/1980,30,24,22,76
4/8/1980,21,31,18,70
4/9/1980,28,39,10,77
4/10/1980,18,26,16,60
4/11/1980,19,24,7,50
4/12/1980,20,18,16,54
4/13/1980,14,21,20,55
4/14/1980,20,26,12,58
4/15/1980,30,21,23,74
4/16/1980,11,21,21,53
4/17/1980,19,19,21,59
4/18/1980,20,46,21,87
4/19/1980,22,21,11,54
4/20/1980,17,20,27,64
4/21/1980,29,11,19,59
4/22/1980,19,33,14,66
4/23/1980,23,37,15,75
4/24/1980,20,29,7,56
4/25/1980,26,20,15,61
4/26/1980,22,35,19,76
4/27/1980,17,17,9,43
4/28/1980,18,13,10,41
4/29/1980,17,17,15,49
4/30/1980,24,29,8,61
5/1/1980,19,29,16,64
5/2/1980,22,21,15,58
5/3/1980,21,31,17,69
5/4/1980,13,37,16,66
5/5/1980,18,27,16,61
5/6/1980,20,21,19,60
5/7/1980,23,29,18,70
5/8/1980,18,21,20,59
5/9/1980,22,30,13,65
5/10/1980,23,24,13,60
5/11/1980,18,31,19,68
5/12/1980,19,25,12,56
5/13/1980,12,27,11,50
5/14/1980,21,40,13,74
5/15/1980,25,8,16,49
5/16/1980,17,19,18,54
5/17/1980,29,38,19,86
5/18/1980,15,33,11,59
5/19/1980,29,24,23,76
5/20/1980,23,28,19,70
5/21/1980,21,25,15,61
5/22/1980,14,29,22,65
5/23/1980,18,26,25,69
5/24/1980,12,26,14,52
5/25/1980,15,41,23,79
5/26/1980,26,38,15,79
5/27/1980,25,9,19,53
5/28/1980,22,36,11,69
5/29/1980,28,40,13,81
5/30/1980,17,24,16,57
5/31/1980,20,28,22,70
6/1/1980,24,21,19,64
6/2/1980,20,26,21,67
6/3/1980,13,21,16,50
6/4/1980,19,20,16,55
6/5/1980,24,26,12,62
6/6/1980,16,33,21,70
6/7/1980,24,11,20,55
6/8/1980,20,20,17,57
6/9/1980,19,21,14,54
6/10/1980,14,31,26,71
6/11/1980,15,31,20,66
6/12/1980,28,34,15,77
6/13/1980,23,9,15,47
6/14/1980,14,24,19,57
6/15/1980,23,28,16,67
6/16/1980,11,24,18,53
6/17/1980,16,34,17,67
6/18/1980,13,21,16,50
6/19/1980,13,24,10,47
6/20/1980,13,27,11,51
6/21/1980,18,16,18,52
6/22/1980,18,32,14,64
6/23/1980,22,19,23,64
6/24/1980,27,18,13,58
6/25/1980,11,27,8,46
6/26/1980,20,13,17,50
6/27/1980,19,23,24,66
6/28/1980,24,34,16,74
6/29/1980,24,25,14,63
6/30/1980,13,33,14,60
7/1/1980,13,38,17,68
7/2/1980,24,34,17,75
7/3/1980,21,25,12,58
7/4/1980,23,34,9,66
7/5/1980,25,25,16,66
7/6/1980,22,38,13,73
7/7/1980,23,17,22,62
7/8/1980,18,31,25,74
7/9/1980,24,34,17,75
7/10/1980,19,12,10,41
7/11/1980,18,13,13,44
7/12/1980,21,24,18,63
7/13/1980,18,14,16,48
7/14/1980,19,25,18,62
7/15/1980,23,22,14,59
7/16/1980,29,34,25,88
7/17/1980,19,36,22,77
7/18/1980,16,25,16,57
7/19/1980,15,27,24,66
7/20/1980,22,23,15,60
7/21/1980,20,13,6,39
7/22/1980,25,24,23,72
7/23/1980,31,28,23,82
7/24/1980,18,40,9,67
7/25/1980,24,17,18,59
7/26/1980,19,21,13,53
7/27/1980,17,28,14,59
7/28/1980,12,27,24,63
7/29/1980,24,23,17,64
7/30/1980,24,28,10,62
7/31/1980,15,31,22,68
8/1/1980,14,15,20,49
8/2/1980,30,22,16,68
8/3/1980,17,12,11,40
8/4/1980,21,25,16,62
8/5/1980,20,18,10,48
8/6/1980,22,36,11,69
8/7/1980,26,17,12,55
8/8/1980,15,15,16,46
8/9/1980,28,28,15,71
8/10/1980,23,26,25,74
8/11/1980,21,27,12,60
8/12/1980,14,23,15,52
8/13/1980,9,22,20,51
8/14/1980,21,18,24,63
8/15/1980,13,24,18,55
8/16/1980,24,32,10,66
8/17/1980,16,25,13,54
8/18/1980,28,27,13,68
8/19/1980,21,21,16,58
8/20/1980,15,18,16,49
8/21/1980,11,27,14,52
8/22/1980,19,25,18,62
8/23/1980,19,19,21,59
8/24/1980,22,21,20,63
8/25/1980,24,22,8,54
8/26/1980,26,25,10,61
8/27/1980,22,29,23,74
8/28/1980,20,26,12,58
8/29/1980,28,34,19,81
8/30/1980,22,32,18,72
8/31/1980,17,28,13,58
9/1/1980,14,29,13,56
9/2/1980,16,26,18,60
9/3/1980,19,22,21,62
9/4/1980,19,21,20,60
9/5/1980,23,26,11,60
9/6/1980,19,26,12,57
9/7/1980,20,26,17,63
9/8/1980,20,23,20,63
9/9/1980,18,20,11,49
9/10/1980,24,40,25,89
9/11/1980,22,21,20,63
9/12/1980,15,34,12,61
9/13/1980,16,28,15,59
9/14/1980,25,21,19,65
9/15/1980,17,37,17,71
9/16/1980,17,19,14,50
9/17/1980,16,38,17,71
9/18/1980,22,16,11,49
9/19/1980,14,29,13,56
9/20/1980,25,22,27,74
9/21/1980,20,36,21,77
9/22/1980,15,38,14,67
9/23/1980,14,22,15,51
9/24/1980,29,37,16,82
9/25/1980,11,15,21,47
9/26/1980,19,24,14,57
9/27/1980,23,33,11,67
9/28/1980,17,35,17,69
9/29/1980,20,35,14,69
9/30/1980,14,28,13,55
10/1/1980,12,25,22,59
10/2/1980,14,39,21,74
10/3/1980,24,35,25,84
10/4/1980,21,17,22,60
10/5/1980,26,29,24,79
10/6/1980,11,21,23,55
10/7/1980,23,33,17,73
10/8/1980,21,29,15,65
10/9/1980,30,29,15,74
10/10/1980,27,25,16,68
10/11/1980,21,19,21,61
10/12/1980,27,23,13,63
10/13/1980,21,30,13,64
10/14/1980,12,34,16,62
10/15/1980,20,39,24,83
10/16/1980,21,27,12,60
10/17/1980,10,42,11,63
10/18/1980,12,24,6,42
10/19/1980,26,15,14,55
10/20/1980,17,26,20,63
10/21/1980,15,21,25,61
10/22/1980,16,21,25,62
10/23/1980,16,34,21,71
10/24/1980,19,38,13,70
10/25/1980,22,26,14,62
10/26/1980,25,13,8,46
10/27/1980,16,22,17,55
10/28/1980,20,47,22,89
10/29/1980,25,28,14,67
10/30/1980,20,19,16,55
10/31/1980,29,33,11,73
11/1/1980,16,39,15,70
11/2/1980,24,26,19,69
11/3/1980,17,33,22,72
11/4/1980,16,23,10,49
11/5/1980,19,45,20,84
11/6/1980,25,33,15,73
11/7/1980,27,28,7,62
11/8/1980,13,27,15,55
11/9/1980,9,14,15,38
11/10/1980,12,21,18,51
11/11/1980,16,28,18,62
11/12/1980,22,22,20,64
11/13/1980,20,32,15,67
11/14/1980,17,23,20,60
11/15/1980,24,11,16,51
11/16/1980,19,43,23,85
11/17/1980,28,31,21,80
11/18/1980,19,17,18,54
11/19/1980,21,28,10,59
11/20/1980,22,32,20,74
11/21/1980,14,37,20,71
11/22/1980,27,38,20,85
11/23/1980,23,21,10,54
11/24/1980,27,26,17,70
11/25/1980,18,32,18,68
11/26/1980,16,12,21,49
11/27/1980,29,39,20,88
11/28/1980,16,36,19,71
11/29/1980,19,9,9,37
11/30/1980,23,34,11,68
12/1/1980,14,16,23,53
12/2/1980,16,38,15,69
12/3/1980,10,27,12,49
12/4/1980,18,21,22,61
12/5/1980,18,23,27,68
12/6/1980,12,21,11,44
12/7/1980,17,20,20,57
12/8/1980,27,35,25,87
12/9/1980,16,22,20,58
12/10/1980,17,33,12,62
12/11/1980,17,35,18,70
12/12/1980,20,22,11,53
12/13/1980,24,13,9,46
12/14/1980,15,40,13,68
12/15/1980,17,30,21,68
12/16/1980,16,35,17,68
12/17/1980,17,20,11,48
12/18/1980,19,17,14,50
12/19/1980,17,25,17,59
12/20/1980,21,16,8,45
12/21/1980,29,10,25,64
12/22/1980,21,25,21,67
12/23/1980,25,17,7,49
12/24/1980,17,34,7,58
12/25/1980,17,22,13,52
12/26/1980,21,40,22,83
12/27/1980,18,33,19,70
12/28/1980,19,27,12,58
12/29/1980,20,34,19,73
12/30/1980,20,14,19,53
12/31/1980,16,38,17,71
1/1/1981,20,30,24,74
1/2/1981,20,40,13,73
1/3/1981,23,23,26,72
1/4/1981,28,25,13,66
1/5/1981,17,21,12,50
1/6/1981,13,20,13,46
1/7/1981,20,25,9,54
1/8/1981,18,18,19,55
1/9/1981,20,19,21,60
1/10/1981,28,28,16,72
1/11/1981,21,16,22,59
1/12/1981,15,23,20,58
1/13/1981,16,28,19,63
1/14/1981,23,12,14,49
1/15/1981,20,36,22,78
1/16/1981,16,29,24,69
1/17/1981,14,19,23,56
1/18/1981,12,21,19,52
1/19/1981,23,37,14,74
1/20/1981,17,34,11,62
1/21/1981,27,37,14,78
1/22/1981,16,30,13,59
1/23/1981,14,37,10,61
1/24/1981,19,19,23,61
1/25/1981,26,39,9,74
1/26/1981,20,29,6,55
1/27/1981,23,21,12,56
1/28/1981,15,20,17,52
1/29/1981,10,44,20,74
1/30/1981,10,16,17,43
1/31/1981,25,36,16,77
2/1/1981,20,25,19,64
2/2/1981,17,19,19,55
2/3/1981,20,28,7,55
2/4/1981,17,33,11,61
2/5/1981,22,21,18,61
2/6/1981,11,25,17,53
2/7/1981,19,28,4,51
2/8/1981,29,22,24,75
2/9/1981,21,27,16,64
2/10/1981,22,30,10,62
2/11/1981,13,35,14,62
2/12/1981,26,13,11,50
2/13/1981,25,28,16,69
2/14/1981,22,21,27,70
2/15/1981,25,32,11,68
2/16/1981,16,16,14,46
2/17/1981,23,19,25,67
2/18/1981,17,18,13,48
2/19/1981,8,28,18,54
2/20/1981,12,39,22,73
2/21/1981,24,16,13,53
2/22/1981,25,36,15,76
2/23/1981,28,23,21,72
2/24/1981,20,28,15,63
2/25/1981,17,23,19,59
2/26/1981,9,19,19,47
2/27/1981,25,22,17,64
2/28/1981,12,28,21,61
3/1/1981,20,18,18,56
3/2/1981,12,28,16,56
3/3/1981,28,24,15,67
3/4/1981,18,27,12,57
3/5/1981,16,27,18,61
3/6/1981,17,25,15,57
3/7/1981,26,34,21,81
3/8/1981,20,32,10,62
3/9/1981,22,27,11,60
3/10/1981,20,20,23,63
3/11/1981,11,33,16,60
3/12/1981,19,24,9,52
3/13/1981,20,38,18,76
3/14/1981,9,33,17,59
3/15/1981,25,37,15,77
3/16/1981,12,30,13,55
3/17/1981,23,20,24,67
3/18/1981,28,33,14,75
3/19/1981,25,37,18,80
3/20/1981,14,39,6,59
3/21/1981,21,32,22,75
3/22/1981,11,21,18,50
3/23/1981,28,25,11,64
3/24/1981,18,32,20,70
3/25/1981,9,21,24,54
3/26/1981,27,24,12,63
3/27/1981,15,26,22,63
3/28/1981,20,39,10,69
3/29/1981,19,24,17,60
3/30/1981,24,25,15,64
3/31/1981,11,23,23,57
4/1/1981,22,45,22,89
4/2/1981,15,25,17,57
4/3/1981,26,16,23,65
4/4/1981,9,28,17,54
4/5/1981,13,22,22,57
4/6/1981,27,34,12,73
4/7/1981,19,23,11,53
4/8/1981,26,25,17,68
4/9/1981,19,26,13,58
4/10/1981,22,26,20,68
4/11/1981,18,22,15,55
4/12/1981,12,25,19,56
4/13/1981,13,23,19,55
4/14/1981,19,45,10,74
4/15/1981,25,30,18,73
4/16/1981,28,34,19,81
4/17/1981,18,33,11,62
4/18/1981,21,16,14,51
4/19/1981,23,30,19,72
4/20/1981,28,28,12,68
4/21/1981,24,36,17,77
4/22/1981,18,32,8,58
4/23/1981,16,24,19,59
4/24/1981,17,36,19,72
4/25/1981,12,27,24,63
4/26/1981,16,22,15,53
4/27/1981,21,27,27,75
4/28/1981,19,27,11,57
4/29/1981,15,22,13,50
4/30/1981,26,30,7,63
5/1/1981,30,16,12,58
5/2/1981,24,29,18,71
5/3/1981,25,26,25,76
5/4/1981,12,28,20,60
5/5/1981,23,34,8,65
5/6/1981,15,30,18,63
5/7/1981,11,37,16,64
5/8/1981,23,14,14,51
5/9/1981,28,17,12,57
5/10/1981,21,20,15,56
5/11/1981,20,13,22,55
5/12/1981,16,27,22,65
5/13/1981,27,26,16,69
5/14/1981,18,27,14,59
5/15/1981,18,25,22,65
5/16/1981,22,16,11,49
5/17/1981,24,27,15,66
5/18/1981,19,32,17,68
5/19/1981,24,16,17,57
5/20/1981,16,44,12,72
5/21/1981,13,33,14,60
5/22/1981,25,24,9,58
5/23/1981,9,30,13,52
5/24/1981,11,42,14,67
5/25/1981,19,21,13,53
5/26/1981,16,30,14,60
5/27/1981,22,28,12,62
5/28/1981,23,29,12,64
5/29/1981,20,34,13,67
5/30/1981,18,29,7,54
5/31/1981,27,27,19,73
6/1/1981,21,34,19,74
6/2/1981,19,27,19,65
6/3/1981,18,31,16,65
6/4/1981,18,29,14,61
6/5/1981,18,30,18,66
6/6/1981,20,16,13,49
6/7/1981,13,29,26,68
6/8/1981,19,30,11,60
6/9/1981,17,35,22,74
6/10/1981,21,22,15,58
6/11/1981,15,32,21,68
6/12/1981,16,27,11,54
6/13/1981,17,36,13,66
6/14/1981,18,20,14,52
6/15/1981,27,26,16,69
6/16/1981,16,37,19,72
6/17/1981,10,32,11,53
6/18/1981,21,34,21,76
6/19/1981,23,26,24,73
6/20/1981,17,23,9,49
6/21/1981,12,28,19,59
6/22/1981,28,17,23,68
6/23/1981,21,30,13,64
6/24/1981,19,35,10,64
6/25/1981,25,27,21,73
6/26/1981,16,23,21,60
6/27/1981,25,26,16,67
6/28/1981,10,24,16,50
6/29/1981,22,19,15,56
6/30/1981,19,30,16,65
7/1/1981,22,38,21,81
7/2/1981,24,19,13,56
7/3/1981,21,24,19,64
7/4/1981,24,22,17,63
7/5/1981,19,39,18,76
7/6/1981,15,28,17,60
7/7/1981,19,23,18,60
7/8/1981,16,35,12,63
7/9/1981,18,44,12,74
7/10/1981,24,31,14,69
7/11/1981,23,36,18,77
7/12/1981,23,25,15,63
7/13/1981,23,30,20,73
7/14/1981,19,17,10,46
7/15/1981,10,44,23,77
7/16/1981,26,24,11,61
7/17/1981,23,31,9,63
7/18/1981,25,21,13,59
7/19/1981,12,33,23,68
7/20/1981,20,12,8,40
7/21/1981,12,34,15,61
7/22/1981,14,42,11,67
7/23/1981,18,27,23,68
7/24/1981,26,30,11,67
7/25/1981,21,23,23,67
7/26/1981,14,26,12,52
7/27/1981,18,25,26,69
7/28/1981,21,33,12,66
7/29/1981,16,23,14,53
7/30/1981,17,24,17,58
7/31/1981,17,28,14,59
8/1/1981,17,30,18,65
8/2/1981,13,21,20,54
8/3/1981,19,23,17,59
8/4/1981,10,24,24,58
8/5/1981,9,20,16,45
8/6/1981,21,31,19,71
8/7/1981,16,28,11,55
8/8/1981,11,26,17,54
8/9/1981,16,26,15,57
8/10/1981,15,24,8,47
8/11/1981,22,28,9,59
8/12/1981,17,37,19,73
8/13/1981,17,25,13,55
8/14/1981,11,30,10,51
8/15/1981,28,28,19,75
8/16/1981,16,35,10,61
8/17/1981,29,31,22,82
8/18/1981,18,21,18,57
8/19/1981,15,23,18,56
8/20/1981,24,36,17,77
8/21/1981,19,31,18,68
8/22/1981,19,31,16,66
8/23/1981,25,30,19,74
8/24/1981,22,32,18,72
8/25/1981,16,20,18,54
8/26/1981,17,32,10,59
8/27/1981,21,28,23,72
8/28/1981,19,23,9,51
8/29/1981,26,38,7,71
8/30/1981,21,16,16,53
8/31/1981,25,18,23,66
9/1/1981,11,27,13,51
9/2/1981,24,29,23,76
9/3/1981,18,34,9,61
9/4/1981,21,26,18,65
9/5/1981,21,27,21,69
9/6/1981,27,41,18,86
9/7/1981,25,27,12,64
9/8/1981,19,31,24,74
9/9/1981,21,23,12,56
9/10/1981,27,26,19,72
9/11/1981,15,26,20,61
9/12/1981,15,33,15,63
9/13/1981,25,23,8,56
9/14/1981,22,38,13,73
9/15/1981,27,26,19,72
9/16/1981,22,34,7,63
9/17/1981,21,29,19,69
9/18/1981,9,23,19,51
9/19/1981,29,30,13,72
9/20/1981,19,23,15,57
9/21/1981,19,24,14,57
9/22/1981,13,17,12,42
9/23/1981,21,27,19,67
9/24/1981,25,29,17,71
9/25/1981,13,32,20,65
9/26/1981,12,38,8,58
9/27/1981,18,21,17,56
9/28/1981,14,31,14,59
9/29/1981,18,17,14,49
9/30/1981,25,29,18,72
10/1/1981,22,26,14,62
10/2/1981,18,27,26,71
10/3/1981,22,24,18,64
10/4/1981,14,31,24,69
10/5/1981,19,21,25,65
10/6/1981,20,34,25,79
10/7/1981,26,35,19,80
10/8/1981,15,34,5,54
10/9/1981,9,12,13,34
10/10/1981,24,22,17,63
10/11/1981,19,30,20,69
10/12/1981,14,29,15,58
10/13/1981,21,27,23,71
10/14/1981,20,22,8,50
10/15/1981,17,20,21,58
10/16/1981,19,31,19,69
10/17/1981,19,38,17,74
10/18/1981,25,35,23,83
10/19/1981,12,41,15,68
10/20/1981,14,26,11,51
10/21/1981,17,25,18,60
10/22/1981,12,27,16,55
10/23/1981,18,25,20,63
10/24/1981,21,20,11,52
10/25/1981,22,14,20,56
10/26/1981,18,24,21,63
10/27/1981,22,23,20,65
10/28/1981,19,29,9,57
10/29/1981,30,12,16,58
10/30/1981,20,32,16,68
10/31/1981,25,31,12,68
11/1/1981,25,23,21,69
11/2/1981,21,26,19,66
11/3/1981,15,36,24,75
11/4/1981,9,21,10,40
11/5/1981,17,32,10,59
11/6/1981,17,39,10,66
11/7/1981,15,30,15,60
11/8/1981,20,33,24,77
11/9/1981,17,37,16,70
11/10/1981,29,14,16,59
11/11/1981,21,17,16,54
11/12/1981,19,29,16,64
11/13/1981,21,21,17,59
11/14/1981,10,38,23,71
11/15/1981,16,20,14,50
11/16/1981,16,33,15,64
11/17/1981,20,29,18,67
11/18/1981,12,28,7,47
11/19/1981,12,34,11,57
11/20/1981,23,29,13,65
11/21/1981,18,27,22,67
11/22/1981,14,16,19,49
11/23/1981,30,23,22,75
11/24/1981,11,20,21,52
11/25/1981,28,29,15,72
11/26/1981,19,25,8,52
11/27/1981,18,26,12,56
11/28/1981,16,29,13,58
11/29/1981,11,25,12,48
11/30/1981,22,28,11,61
12/1/1981,10,20,12,42
12/2/1981,18,35,17,70
12/3/1981,23,19,12,54
12/4/1981,13,30,16,59
12/5/1981,27,29,21,77
12/6/1981,20,27,17,64
12/7/1981,18,36,21,75
12/8/1981,25,28,13,66
12/9/1981,19,24,16,59
12/10/1981,27,26,21,74
12/11/1981,17,27,15,59
12/12/1981,30,18,12,60
12/13/1981,13,19,20,52
12/14/1981,18,33,13,64
12/15/1981,16,33,16,65
12/16/1981,13,30,10,53
12/17/1981,19,20,9,48
12/18/1981,23,36,16,75
12/19/1981,28,40,29,97
12/20/1981,18,22,17,57
12/21/1981,23,23,13,59
12/22/1981,18,26,11,55
12/23/1981,23,34,12,69
12/24/1981,20,39,27,86
12/25/1981,12,19,11,42
12/26/1981,18,32,17,67
12/27/1981,25,32,16,73
12/28/1981,21,33,7,61
12/29/1981,15,34,24,73
12/30/1981,14,29,9,52
12/31/1981,17,20,13,50
1/1/1982,22,31,23,76
1/2/1982,16,12,16,44
1/3/1982,10,25,24,59
1/4/1982,21,28,23,72
1/5/1982,14,36,19,69
1/6/1982,25,15,22,62
1/7/1982,26,22,15,63
1/8/1982,16,30,10,56
1/9/1982,23,24,20,67
1/10/1982,17,36,23,76
1/11/1982,24,23,15,62
1/12/1982,18,28,12,58
1/13/1982,23,33,22,78
1/14/1982,22,36,12,70
1/15/1982,16,34,14,64
1/16/1982,13,33,11,57
1/17/1982,21,19,20,60
1/18/1982,15,38,25,78
1/19/1982,22,21,14,57
1/20/1982,20,28,13,61
1/21/1982,23,23,21,67
1/22/1982,26,35,14,75
1/23/1982,12,27,17,56
1/24/1982,26,34,20,80
1/25/1982,18,22,10,50
1/26/1982,28,30,21,79
1/27/1982,22,31,8,61
1/28/1982,16,15,15,46
1/29/1982,24,32,10,66
1/30/1982,28,29,9,66
1/31/1982,22,39,10,71
2/1/1982,22,23,17,62
2/2/1982,17,10,15,42
2/3/1982,26,35,15,76
2/4/1982,23,25,11,59
2/5/1982,24,29,21,74
2/6/1982,21,37,17,75
2/7/1982,22,25,20,67
2/8/1982,11,39,27,77
2/9/1982,25,23,10,58
2/10/1982,24,32,23,79
2/11/1982,29,34,15,78
2/12/1982,18,43,24,85
2/13/1982,26,40,14,80
2/14/1982,20,18,22,60
2/15/1982,20,38,14,72
2/16/1982,23,25,11,59
2/17/1982,21,34,16,71
2/18/1982,22,23,13,58
2/19/1982,19,38,9,66
2/20/1982,22,30,9,61
2/21/1982,18,20,17,55
2/22/1982,14,22,16,52
2/23/1982,16,29,20,65
2/24/1982,30,33,24,87
2/25/1982,26,26,15,67
2/26/1982,16,17,20,53
2/27/1982,12,23,13,48
2/28/1982,21,23,10,54
3/1/1982,21,32,17,70
3/2/1982,16,29,23,68
3/3/1982,7,12,15,34
3/4/1982,17,35,15,67
3/5/1982,23,39,12,74
3/6/1982,21,30,24,75
3/7/1982,12,18,15,45
3/8/1982,16,38,7,61
3/9/1982,19,25,20,64
3/10/1982,17,21,10,48
3/11/1982,13,32,21,66
3/12/1982,22,31,11,64
3/13/1982,26,38,21,85
3/14/1982,22,31,14,67
3/15/1982,12,24,19,55
3/16/1982,23,32,13,68
3/17/1982,9,28,12,49
3/18/1982,27,34,10,71
3/19/1982,26,22,15,63
3/20/1982,23,32,22,77
3/21/1982,19,33,13,65
3/22/1982,22,30,20,72
3/23/1982,31,33,18,82
3/24/1982,24,27,21,72
3/25/1982,13,28,15,56
3/26/1982,22,23,12,57
3/27/1982,23,25,12,60
3/28/1982,16,23,21,60
3/29/1982,21,23,15,59
3/30/1982,23,25,10,58
3/31/1982,24,15,18,57
4/1/1982,21,23,25,69
4/2/1982,19,30,26,75
4/3/1982,19,31,13,63
4/4/1982,14,21,12,47
4/5/1982,17,34,24,75
4/6/1982,25,20,24,69
4/7/1982,9,24,9,42
4/8/1982,16,26,22,64
4/9/1982,12,36,20,68
4/10/1982,26,39,18,83
4/11/1982,14,22,18,54
4/12/1982,21,24,9,54
4/13/1982,16,31,20,67
4/14/1982,18,38,20,76
4/15/1982,20,31,17,68
4/16/1982,24,23,16,63
4/17/1982,14,26,23,63
4/18/1982,24,33,21,78
4/19/1982,16,24,18,58
4/20/1982,11,17,11,39
4/21/1982,23,24,18,65
4/22/1982,23,26,15,64
4/23/1982,14,18,19,51
4/24/1982,17,48,17,82
4/25/1982,17,25,11,53
4/26/1982,25,33,28,86
4/27/1982,13,23,18,54
4/28/1982,22,29,10,61
4/29/1982,16,34,18,68
4/30/1982,13,36,23,72
5/1/1982,13,35,7,55
5/2/1982,21,26,23,70
5/3/1982,28,31,16,75
5/4/1982,14,41,14,69
5/5/1982,18,34,19,71
5/6/1982,10,26,22,58
5/7/1982,28,27,13,68
5/8/1982,24,26,19,69
5/9/1982,17,35,8,60
5/10/1982,19,24,9,52
5/11/1982,19,30,22,71
5/12/1982,23,30,17,70
5/13/1982,26,33,12,71
5/14/1982,21,31,12,64
5/15/1982,32,24,13,69
5/16/1982,22,28,12,62
5/17/1982,20,11,23,54
5/18/1982,16,22,15,53
5/19/1982,16,23,21,60
5/20/1982,17,15,21,53
5/21/1982,12,21,9,42
5/22/1982,23,32,19,74
5/23/1982,24,23,13,60
5/24/1982,16,39,16,71
5/25/1982,22,32,15,69
5/26/1982,18,26,14,58
5/27/1982,22,30,14,66
5/28/1982,22,36,21,79
5/29/1982,11,13,17,41
5/30/1982,16,23,12,51
5/31/1982,20,33,12,65
6/1/1982,22,27,26,75
6/2/1982,13,27,12,52
6/3/1982,18,45,25,88
6/4/1982,24,29,8,61
6/5/1982,17,34,9,60
6/6/1982,14,32,25,71
6/7/1982,19,27,19,65
6/8/1982,21,15,11,47
6/9/1982,17,31,18,66
6/10/1982,13,26,10,49
6/11/1982,13,35,21,69
6/12/1982,13,27,21,61
6/13/1982,17,7,16,40
6/14/1982,30,21,22,73
6/15/1982,11,35,19,65
6/16/1982,20,35,11,66
6/17/1982,9,43,13,65
6/18/1982,14,25,13,52
6/19/1982,20,33,19,72
6/20/1982,22,28,11,61
6/21/1982,15,22,13,50
6/22/1982,20,12,10,42
6/23/1982,22,29,21,72
6/24/1982,13,24,17,54
6/25/1982,12,29,20,61
6/26/1982,14,21,14,49
6/27/1982,30,31,20,81
6/28/1982,21,27,19,67
6/29/1982,31,16,15,62
6/30/1982,13,38,16,67
7/1/1982,19,33,8,60
7/2/1982,22,26,22,70
7/3/1982,23,16,15,54
7/4/1982,8,25,21,54
7/5/1982,20,24,10,54
7/6/1982,21,35,25,81
7/7/1982,10,28,14,52
7/8/1982,23,25,19,67
7/9/1982,20,26,19,65
7/10/1982,26,30,16,72
7/11/1982,24,38,20,82
7/12/1982,26,41,15,82
7/13/1982,22,17,19,58
7/14/1982,24,11,18,53
7/15/1982,22,25,17,64
7/16/1982,14,25,22,61
7/17/1982,21,22,14,57
7/18/1982,18,23,19,60
7/19/1982,12,29,19,60
7/20/1982,23,38,14,75
7/21/1982,16,29,18,63
7/22/1982,19,34,12,65
7/23/1982,15,16,17,48
7/24/1982,23,21,12,56
7/25/1982,14,28,21,63
7/26/1982,19,17,12,48
7/27/1982,12,23,19,54
7/28/1982,27,23,17,67
7/29/1982,22,22,15,59
7/30/1982,22,31,20,73
7/31/1982,20,23,19,62
8/1/1982,28,24,27,79
8/2/1982,16,23,23,62
8/3/1982,32,33,16,81
8/4/1982,18,34,13,65
8/5/1982,18,33,17,68
8/6/1982,11,9,21,41
8/7/1982,24,22,23,69
8/8/1982,27,22,20,69
8/9/1982,18,28,20,66
8/10/1982,17,30,22,69
8/11/1982,17,28,12,57
8/12/1982,21,31,21,73
8/13/1982,22,32,15,69
8/14/1982,20,33,16,69
8/15/1982,20,26,23,69
8/16/1982,12,22,14,48
8/17/1982,20,37,16,73
8/18/1982,28,24,11,63
8/19/1982,15,23,26,64
8/20/1982,13,24,15,52
8/21/1982,22,39,11,72
8/22/1982,18,25,15,58
8/23/1982,20,35,15,70
8/24/1982,18,22,10,50
8/25/1982,20,26,5,51
8/26/1982,23,35,15,73
8/27/1982,26,28,10,64
8/28/1982,16,27,17,60
8/29/1982,17,29,12,58
8/30/1982,30,31,11,72
8/31/1982,17,23,24,64
9/1/1982,18,32,19,69
9/2/1982,19,22,20,61
9/3/1982,23,33,6,62
9/4/1982,13,14,11,38
9/5/1982,27,36,10,73
9/6/1982,7,37,13,57
9/7/1982,25,30,20,75
9/8/1982,9,20,11,40
9/9/1982,29,22,15,66
9/10/1982,23,26,9,58
9/11/1982,17,28,10,55
9/12/1982,11,15,19,45
9/13/1982,26,25,19,70
9/14/1982,16,24,15,55
9/15/1982,20,34,13,67
9/16/1982,20,30,8,58
9/17/1982,23,28,8,59
9/18/1982,21,14,11,46
9/19/1982,20,35,13,68
9/20/1982,8,26,15,49
9/21/1982,23,30,16,69
9/22/1982,14,22,12,48
9/23/1982,14,14,20,48
9/24/1982,17,28,21,66
9/25/1982,24,33,21,78
9/26/1982,16,17,16,49
9/27/1982,14,24,27,65
9/28/1982,15,21,10,46
9/29/1982,20,22,9,51
9/30/1982,25,27,12,64
10/1/1982,15,24,13,52
10/2/1982,15,16,10,41
10/3/1982,14,34,8,56
10/4/1982,20,29,24,73
10/5/1982,22,17,22,61
10/6/1982,30,22,25,77
10/7/1982,24,21,12,57
10/8/1982,17,32,23,72
10/9/1982,26,16,18,60
10/10/1982,21,26,15,62
10/11/1982,23,31,12,66
10/12/1982,24,14,24,62
10/13/1982,17,22,14,53
10/14/1982,17,28,18,63
10/15/1982,13,8,25,46
10/16/1982,15,41,14,70
10/17/1982,22,39,26,87
10/18/1982,17,31,9,57
10/19/1982,25,30,7,62
10/20/1982,16,24,11,51
10/21/1982,25,22,17,64
10/22/1982,15,30,16,61
10/23/1982,19,30,10,59
10/24/1982,19,27,25,71
10/25/1982,25,18,22,65
10/26/1982,19,24,14,57
10/27/1982,9,33,21,63
10/28/1982,27,15,10,52
10/29/1982,13,39,21,73
10/30/1982,31,25,19,75
10/31/1982,22,45,18,85
11/1/1982,13,25,27,65
11/2/1982,8,29,24,61
11/3/1982,32,35,5,72
11/4/1982,28,32,22,82
11/5/1982,17,28,28,73
11/6/1982,24,29,25,78
11/7/1982,22,18,16,56
11/8/1982,15,26,20,61
11/9/1982,28,25,9,62
11/10/1982,11,36,13,60
11/11/1982,22,26,19,67
11/12/1982,12,22,16,50
11/13/1982,22,31,15,68
11/14/1982,19,18,16,53
11/15/1982,26,28,13,67
11/16/1982,23,33,22,78
11/17/1982,18,35,26,79
11/18/1982,26,29,16,71
11/19/1982,24,26,18,68
11/20/1982,28,24,11,63
11/21/1982,16,27,18,61
11/22/1982,17,31,12,60
11/23/1982,20,28,12,60
11/24/1982,17,34,19,70
11/25/1982,16,28,20,64
11/26/1982,26,11,14,51
11/27/1982,22,27,16,65
11/28/1982,23,22,19,64
11/29/1982,19,24,18,61
11/30/1982,26,25,27,78
12/1/1982,13,31,24,68
12/2/1982,25,26,18,69
12/3/1982,25,30,22,77
12/4/1982,21,13,27,61
12/5/1982,12,30,18,60
12/6/1982,27,26,12,65
12/7/1982,27,23,16,66
12/8/1982,26,19,11,56
12/9/1982,23,18,14,55
12/10/1982,30,9,22,61
12/11/1982,18,32,18,68
12/12/1982,27,43,14,84
12/13/1982,27,17,18,62
12/14/1982,20,33,17,70
12/15/1982,18,22,17,57
12/16/1982,27,19,25,71
12/17/1982,22,13,22,57
12/18/1982,21,29,11,61
12/19/1982,26,34,12,72
12/20/1982,24,29,23,76
12/21/1982,24,32,7,63
12/22/1982,26,13,8,47
12/23/1982,16,14,13,43
12/24/1982,21,40,16,77
12/25/1982,23,21,20,64
12/26/1982,29,13,18,60
12/27/1982,22,37,23,82
12/28/1982,17,25,15,57
12/29/1982,17,33,15,65
12/30/1982,14,23,23,60
12/31/1982,23,27,27,77
1/1/1983,13,18,16,47
1/2/1983,17,21,16,54
1/3/1983,25,27,9,61
1/4/1983,23,23,24,70
1/5/1983,11,32,16,59
1/6/1983,27,21,17,65
1/7/1983,23,23,15,61
1/8/1983,18,19,11,48
1/9/1983,21,35,11,67
1/10/1983,17,23,11,51
1/11/1983,14,30,21,65
1/12/1983,14,19,17,50
1/13/1983,21,19,11,51
1/14/1983,22,18,10,50
1/15/1983,25,25,17,67
1/16/1983,24,25,22,71
1/17/1983,16,33,17,66
1/18/1983,16,29,16,61
1/19/1983,21,25,22,68
1/20/1983,27,20,22,69
1/21/1983,30,25,24,79
1/22/1983,24,29,19,72
1/23/1983,19,21,12,52
1/24/1983,22,41,23,86
1/25/1983,22,27,15,64
1/26/1983,28,30,11,69
1/27/1983,19,12,14,45
1/28/1983,17,14,24,55
1/29/1983,14,25,18,57
1/30/1983,17,18,16,51
1/31/1983,22,30,13,65
2/1/1983,21,25,16,62
2/2/1983,26,21,19,66
2/3/1983,26,12,15,53
2/4/1983,30,30,17,77
2/5/1983,20,31,18,69
2/6/1983,20,20,11,51
2/7/1983,24,23,21,68
2/8/1983,11,25,24,60
2/9/1983,20,21,21,62
2/10/1983,28,27,20,75
2/11/1983,27,24,14,65
2/12/1983,13,18,19,50
2/13/1983,22,34,27,83
2/14/1983,23,17,26,66
2/15/1983,26,38,26,90
2/16/1983,25,16,11,52
2/17/1983,11,31,18,60
2/18/1983,21,33,15,69
2/19/1983,26,21,25,72
2/20/1983,23,34,13,70
2/21/1983,12,27,18,57
2/22/1983,13,28,10,51
2/23/1983,8,39,6,53
2/24/1983,16,31,21,68
2/25/1983,16,33,22,71
2/26/1983,17,35,11,63
2/27/1983,20,33,18,71
2/28/1983,26,35,22,83
3/1/1983,13,27,11,51
3/2/1983,25,29,20,74
3/3/1983,18,30,23,71
3/4/1983,18,23,24,65
3/5/1983,18,35,22,75
3/6/1983,24,30,10,64
3/7/1983,13,10,12,35
3/8/1983,17,18,16,51
3/9/1983,18,32,18,68
3/10/1983,17,27,26,70
3/11/1983,20,38,12,70
3/12/1983,30,21,8,59
3/13/1983,26,14,17,57
3/14/1983,18,37,13,68
3/15/1983,24,16,23,63
3/16/1983,26,35,13,74
3/17/1983,20,26,13,59
3/18/1983,19,18,13,50
3/19/1983,16,19,14,49
3/20/1983,15,38,12,65
3/21/1983,26,42,16,84
3/22/1983,15,33,22,70
3/23/1983,15,41,7,63
3/24/1983,26,18,17,61
3/25/1983,17,22,23,62
3/26/1983,21,17,26,64
3/27/1983,20,23,24,67
3/28/1983,10,31,9,50
3/29/1983,23,20,17,60
3/30/1983,23,27,22,72
3/31/1983,18,33,20,71
4/1/1983,18,23,11,52
4/2/1983,15,40,22,77
4/3/1983,22,13,23,58
4/4/1983,18,27,18,63
4/5/1983,32,18,19,69
4/6/1983,20,28,18,66
4/7/1983,18,20,16,54
4/8/1983,19,33,23,75
4/9/1983,15,23,13,51
4/10/1983,25,30,23,78
4/11/1983,27,30,18,75
4/12/1983,13,33,11,57
4/13/1983,22,26,12,60
4/14/1983,10,25,9,44
4/15/1983,17,30,14,61
4/16/1983,21,20,15,56
4/17/1983,11,34,10,55
4/18/1983,24,31,16,71
4/19/1983,20,26,17,63
4/20/1983,22,22,12,56
4/21/1983,17,20,11,48
4/22/1983,12,42,21,75
4/23/1983,25,28,15,68
4/24/1983,26,29,21,76
4/25/1983,8,23,19,50
4/26/1983,12,36,20,68
4/27/1983,16,31,21,68
4/28/1983,18,24,16,58
4/29/1983,22,35,16,73
4/30/1983,19,38,15,72
5/1/1983,24,37,27,88
5/2/1983,12,26,24,62
5/3/1983,20,31,16,67
5/4/1983,21,33,22,76
5/5/1983,25,19,10,54
5/6/1983,13,26,15,54
5/7/1983,29,30,23,82
5/8/1983,14,28,21,63
5/9/1983,11,22,17,50
5/10/1983,26,19,17,62
5/11/1983,21,30,23,74
5/12/1983,26,10,15,51
5/13/1983,17,29,23,69
5/14/1983,15,21,17,53
5/15/1983,17,24,23,64
5/16/1983,29,25,22,76
5/17/1983,15,23,6,44
5/18/1983,24,30,16,70
5/19/1983,21,18,11,50
5/20/1983,24,42,13,79
5/21/1983,18,27,20,65
5/22/1983,18,22,27,67
5/23/1983,15,28,19,62
5/24/1983,25,19,21,65
5/25/1983,25,21,19,65
5/26/1983,17,21,16,54
5/27/1983,14,31,16,61
5/28/1983,23,33,19,75
5/29/1983,30,33,17,80
5/30/1983,22,32,23,77
5/31/1983,23,24,11,58
6/1/1983,29,35,14,78
6/2/1983,15,22,10,47
6/3/1983,20,28,19,67
6/4/1983,25,32,21,78
6/5/1983,18,19,18,55
6/6/1983,21,26,13,60
6/7/1983,20,36,22,78
6/8/1983,14,31,17,62
6/9/1983,24,20,14,58
6/10/1983,22,32,13,67
6/11/1983,25,19,23,67
6/12/1983,19,15,19,53
6/13/1983,19,29,19,67
6/14/1983,19,30,16,65
6/15/1983,16,26,17,59
6/16/1983,21,22,7,50
6/17/1983,22,36,18,76
6/18/1983,28,16,11,55
6/19/1983,17,29,12,58
6/20/1983,16,18,19,53
6/21/1983,13,27,22,62
6/22/1983,22,28,9,59
6/23/1983,23,40,15,78
6/24/1983,24,36,17,77
6/25/1983,19,31,10,60
6/26/1983,21,21,17,59
6/27/1983,13,34,12,59
6/28/1983,8,28,21,57
6/29/1983,22,31,13,66
6/30/1983,24,30,18,72
7/1/1983,15,27,21,63
7/2/1983,19,9,14,42
7/3/1983,15,30,10,55
7/4/1983,22,30,21,73
7/5/1983,13,19,10,42
7/6/1983,23,38,17,78
7/7/1983,17,12,12,41
7/8/1983,31,43,16,90
7/9/1983,18,40,21,79
7/10/1983,23,26,23,72
7/11/1983,24,29,14,67
7/12/1983,18,23,19,60
7/13/1983,15,24,15,54
7/14/1983,22,27,11,60
7/15/1983,11,32,24,67
7/16/1983,15,29,19,63
7/17/1983,15,40,24,79
7/18/1983,27,39,12,78
7/19/1983,28,12,27,67
7/20/1983,23,23,7,53
7/21/1983,16,19,19,54
7/22/1983,26,29,18,73
7/23/1983,18,21,24,63
7/24/1983,22,34,21,77
7/25/1983,17,25,6,48
7/26/1983,27,24,13,64
7/27/1983,22,30,11,63
7/28/1983,32,25,15,72
7/29/1983,29,26,21,76
7/30/1983,23,27,18,68
7/31/1983,17,41,20,78
8/1/1983,18,14,12,44
8/2/1983,29,36,11,76
8/3/1983,20,23,6,49
8/4/1983,18,35,12,65
8/5/1983,17,21,18,56
8/6/1983,17,26,18,61
8/7/1983,23,29,14,66
8/8/1983,25,33,11,69
8/9/1983,32,19,6,57
8/10/1983,20,22,17,59
8/11/1983,26,34,18,78
8/12/1983,18,13,13,44
8/13/1983,18,25,4,47
8/14/1983,23,25,11,59
8/15/1983,24,15,22,61
8/16/1983,19,23,9,51
8/17/1983,23,29,14,66
8/18/1983,20,29,15,64
8/19/1983,27,26,19,72
8/20/1983,19,38,20,77
8/21/1983,26,20,20,66
8/22/1983,31,29,10,70
8/23/1983,8,15,17,40
8/24/1983,16,26,28,70
8/25/1983,20,29,26,75
8/26/1983,15,31,20,66
8/27/1983,20,33,15,68
8/28/1983,19,29,12,60
8/29/1983,12,39,26,77
8/30/1983,19,26,21,66
8/31/1983,19,24,8,51
9/1/1983,18,34,21,73
9/2/1983,19,13,7,39
9/3/1983,26,38,17,81
9/4/1983,20,35,23,78
9/5/1983,19,32,11,62
9/6/1983,23,28,19,70
9/7/1983,9,30,22,61
9/8/1983,22,29,17,68
9/9/1983,11,27,15,53
9/10/1983,21,27,17,65
9/11/1983,22,40,13,75
9/12/1983,26,15,17,58
9/13/1983,19,20,27,66
9/14/1983,11,37,14,62
9/15/1983,18,15,9,42
9/16/1983,18,31,20,69
9/17/1983,17,33,14,64
9/18/1983,15,31,16,62
9/19/1983,17,38,12,67
9/20/1983,16,24,19,59
9/21/1983,13,29,15,57
9/22/1983,15,29,19,63
9/23/1983,19,22,16,57
9/24/1983,23,25,22,70
9/25/1983,21,38,11,70
9/26/1983,24,19,18,61
9/27/1983,15,30,19,64
9/28/1983,23,42,20,85
9/29/1983,15,29,20,64
9/30/1983,27,27,10,64
10/1/1983,17,27,25,69
10/2/1983,23,27,6,56
10/3/1983,21,29,15,65
10/4/1983,17,35,13,65
10/5/1983,18,30,21,69
10/6/1983,24,20,14,58
10/7/1983,23,26,19,68
10/8/1983,13,20,16,49
10/9/1983,25,29,23,77
10/10/1983,23,25,14,62
10/11/1983,9,33,9,51
10/12/1983,30,25,16,71
10/13/1983,17,18,21,56
10/14/1983,11,31,22,64
10/15/1983,28,41,20,89
10/16/1983,27,28,11,66
10/17/1983,24,30,26,80
10/18/1983,25,8,18,51
10/19/1983,19,18,22,59
10/20/1983,26,25,13,64
10/21/1983,27,32,5,64
10/22/1983,16,34,16,66
10/23/1983,15,40,13,68
10/24/1983,13,19,23,55
10/25/1983,24,30,8,62
10/26/1983,27,23,6,56
10/27/1983,17,34,17,68
10/28/1983,16,16,19,51
10/29/1983,17,20,19,56
10/30/1983,12,27,11,50
10/31/1983,13,20,12,45
11/1/1983,19,30,16,65
11/2/1983,16,34,11,61
11/3/1983,20,36,18,74
11/4/1983,20,34,20,74
11/5/1983,26,33,13,72
11/6/1983,27,44,23,94
11/7/1983,13,30,15,58
11/8/1983,13,24,24,61
11/9/1983,27,27,20,74
11/10/1983,8,41,15,64
11/11/1983,23,29,10,62
11/12/1983,23,23,17,63
11/13/1983,15,21,21,57
11/14/1983,10,34,11,55
11/15/1983,19,38,20,77
11/16/1983,11,38,9,58
11/17/1983,20,32,20,72
11/18/1983,19,42,16,77
11/19/1983,17,23,17,57
11/20/1983,13,34,14,61
11/21/1983,15,22,26,63
11/22/1983,16,23,12,51
11/23/1983,18,25,19,62
11/24/1983,26,27,22,75
11/25/1983,19,44,13,76
11/26/1983,19,39,12,70
11/27/1983,21,26,15,62
11/28/1983,20,10,16,46
11/29/1983,25,23,13,61
11/30/1983,15,33,21,69
12/1/1983,25,17,16,58
12/2/1983,22,20,20,62
12/3/1983,15,25,8,48
12/4/1983,23,29,19,71
12/5/1983,24,30,23,77
12/6/1983,23,19,15,57
12/7/1983,18,16,13,47
12/8/1983,28,33,14,75
12/9/1983,21,15,15,51
12/10/1983,18,27,11,56
12/11/1983,14,31,22,67
12/12/1983,21,25,7,53
12/13/1983,26,36,16,78
12/14/1983,14,24,20,58
12/15/1983,15,36,10,61
12/16/1983,16,33,18,67
12/17/1983,15,22,7,44
12/18/1983,18,34,19,71
12/19/1983,16,24,11,51
12/20/1983,25,39,21,85
12/21/1983,18,26,17,61
12/22/1983,21,26,16,63
12/23/1983,15,33,17,65
12/24/1983,19,30,18,67
12/25/1983,26,34,12,72
12/26/1983,18,35,8,61
12/27/1983,14,20,19,53
12/28/1983,25,37,5,67
12/29/1983,22,32,22,76
12/30/1983,23,20,17,60
12/31/1983,19,29,14,62
1/1/1984,21,26,14,61
1/2/1984,21,26,14,61
1/3/1984,20,29,14,63
1/4/1984,32,18,17,67
1/5/1984,16,26,22,64
1/6/1984,17,18,12,47
1/7/1984,25,22,10,57
1/8/1984,21,10,19,50
1/9/1984,21,29,20,70
1/10/1984,31,26,20,77
1/11/1984,19,23,9,51
1/12/1984,23,30,20,73
1/13/1984,27,19,23,69
1/14/1984,12,25,21,58
1/15/1984,12,34,14,60
1/16/1984,26,32,17,75
1/17/1984,24,19,20,63
1/18/1984,21,24,12,57
1/19/1984,21,27,19,67
1/20/1984,20,39,25,84
1/21/1984,23,19,17,59
1/22/1984,21,32,14,67
1/23/1984,20,30,12,62
1/24/1984,14,13,11,38
1/25/1984,18,29,10,57
1/26/1984,13,29,13,55
1/27/1984,12,30,24,66
1/28/1984,19,34,15,68
1/29/1984,10,32,25,67
1/30/1984,17,36,26,79
1/31/1984,23,21,18,62
2/1/1984,23,31,21,75
2/2/1984,12,30,13,55
2/3/1984,15,21,16,52
2/4/1984,24,28,16,68
2/5/1984,19,38,20,77
2/6/1984,27,45,25,97
2/7/1984,22,29,23,74
2/8/1984,21,24,20,65
2/9/1984,15,39,11,65
2/10/1984,25,33,25,83
2/11/1984,26,24,11,61
2/12/1984,23,18,21,62
2/13/1984,15,30,18,63
2/14/1984,20,23,20,63
2/15/1984,27,40,20,87
2/16/1984,15,29,19,63
2/17/1984,24,21,16,61
2/18/1984,23,29,22,74
2/19/1984,19,28,20,67
2/20/1984,22,27,16,65
2/21/1984,20,20,17,57
2/22/1984,23,31,18,72
2/23/1984,19,42,17,78
2/24/1984,11,28,12,51
2/25/1984,24,10,11,45
2/26/1984,21,18,19,58
2/27/1984,21,32,19,72
2/28/1984,17,33,23,73
2/29/1984,14,24,9,47
3/1/1984,20,25,21,66
3/2/1984,26,22,14,62
3/3/1984,21,39,15,75
3/4/1984,31,31,16,78
3/5/1984,16,42,16,74
3/6/1984,20,30,16,66
3/7/1984,15,25,20,60
3/8/1984,28,27,22,77
3/9/1984,24,28,7,59
3/10/1984,19,33,15,67
3/11/1984,18,35,15,68
3/12/1984,21,24,15,60
3/13/1984,25,32,20,77
3/14/1984,12,28,20,60
3/15/1984,17,28,11,56
3/16/1984,20,28,8,56
3/17/1984,24,36,16,76
3/18/1984,19,36,23,78
3/19/1984,15,22,22,59
3/20/1984,24,31,18,73
3/21/1984,28,29,14,71
3/22/1984,16,18,23,57
3/23/1984,23,21,18,62
3/24/1984,14,38,11,63
3/25/1984,21,34,10,65
3/26/1984,25,17,22,64
3/27/1984,18,39,21,78
3/28/1984,24,41,24,89
3/29/1984,12,14,14,40
3/30/1984,28,20,16,64
3/31/1984,9,23,22,54
4/1/1984,21,30,27,78
4/2/1984,19,20,15,54
4/3/1984,13,26,16,55
4/4/1984,21,34,15,70
4/5/1984,14,37,12,63
4/6/1984,14,19,20,53
4/7/1984,18,29,15,62
4/8/1984,18,17,20,55
4/9/1984,10,27,11,48
4/10/1984,18,17,19,54
4/11/1984,13,28,23,64
4/12/1984,30,39,12,81
4/13/1984,24,31,21,76
4/14/1984,22,29,28,79
4/15/1984,23,41,18,82
4/16/1984,15,13,12,40
4/17/1984,24,33,17,74
4/18/1984,15,30,12,57
4/19/1984,24,15,6,45
4/20/1984,15,32,12,59
4/21/1984,16,30,27,73
4/22/1984,26,29,20,75
4/23/1984,18,38,23,79
4/24/1984,19,14,9,42
4/25/1984,28,20,7,55
4/26/1984,16,34,22,72
4/27/1984,32,18,18,68
4/28/1984,19,13,17,49
4/29/1984,22,28,19,69
4/30/1984,21,27,19,67
5/1/1984,23,23,15,61
5/2/1984,19,33,18,70
5/3/1984,18,35,5,58
5/4/1984,29,32,19,80
5/5/1984,24,35,17,76
5/6/1984,19,29,21,69
5/7/1984,20,20,18,58
5/8/1984,23,35,8,66
5/9/1984,12,23,22,57
5/10/1984,16,21,7,44
5/11/1984,21,22,8,51
5/12/1984,11,19,18,48
5/13/1984,19,15,11,45
5/14/1984,26,25,12,63
5/15/1984,13,22,12,47
5/16/1984,22,18,9,49
5/17/1984,11,25,19,55
5/18/1984,20,25,21,66
5/19/1984,16,30,14,60
5/20/1984,10,27,12,49
5/21/1984,23,30,20,73
5/22/1984,23,20,24,67
5/23/1984,20,23,9,52
5/24/1984,16,44,23,83
5/25/1984,20,22,22,64
5/26/1984,26,26,10,62
5/27/1984,22,37,10,69
5/28/1984,21,35,18,74
5/29/1984,21,42,18,81
5/30/1984,24,23,7,54
5/31/1984,13,10,12,35
6/1/1984,21,37,16,74
6/2/1984,18,25,23,66
6/3/1984,22,30,17,69
6/4/1984,21,25,20,66
6/5/1984,19,22,22,63
6/6/1984,22,11,10,43
6/7/1984,17,22,18,57
6/8/1984,19,17,22,58
6/9/1984,17,36,20,73
6/10/1984,15,24,17,56
6/11/1984,29,21,22,72
6/12/1984,21,20,25,66
6/13/1984,17,25,14,56
6/14/1984,17,25,21,63
6/15/1984,23,31,8,62
6/16/1984,16,11,20,47
6/17/1984,25,25,7,57
6/18/1984,23,23,7,53
6/19/1984,17,25,11,53
6/20/1984,12,37,9,58
6/21/1984,24,34,9,67
6/22/1984,16,25,25,66
6/23/1984,19,45,17,81
6/24/1984,22,41,14,77
6/25/1984,15,24,16,55
6/26/1984,22,26,6,54
6/27/1984,19,12,22,53
6/28/1984,27,28,17,72
6/29/1984,15,27,20,62
6/30/1984,18,25,22,65
7/1/1984,23,29,17,69
7/2/1984,12,18,16,46
7/3/1984,10,30,11,51
7/4/1984,23,25,14,62
7/5/1984,18,33,16,67
7/6/1984,28,23,18,69
7/7/1984,16,33,6,55
7/8/1984,23,26,19,68
7/9/1984,23,18,13,54
7/10/1984,29,30,22,81
7/11/1984,17,21,24,62
7/12/1984,19,26,21,66
7/13/1984,29,32,15,76
7/14/1984,14,25,13,52
7/15/1984,18,12,22,52
7/16/1984,17,28,15,60
7/17/1984,15,23,25,63
7/18/1984,19,33,12,64
7/19/1984,19,27,26,72
7/20/1984,13,35,17,65
7/21/1984,22,22,19,63
7/22/1984,17,23,23,63
7/23/1984,10,11,19,40
7/24/1984,22,30,18,70
7/25/1984,22,11,17,50
7/26/1984,15,16,18,49
7/27/1984,18,27,14,59
7/28/1984,26,23,16,65
7/29/1984,24,22,17,63
7/30/1984,20,29,17,66
7/31/1984,12,35,27,74
8/1/1984,21,21,22,64
8/2/1984,22,22,10,54
8/3/1984,18,18,17,53
8/4/1984,20,40,17,77
8/5/1984,20,40,21,81
8/6/1984,17,23,14,54
8/7/1984,15,32,13,60
8/8/1984,18,27,15,60
8/9/1984,22,22,12,56
8/10/1984,21,13,8,42
8/11/1984,29,22,13,64
8/12/1984,18,21,18,57
8/13/1984,19,15,15,49
8/14/1984,21,30,21,72
8/15/1984,11,33,14,58
8/16/1984,18,22,12,52
8/17/1984,16,23,24,63
8/18/1984,22,27,17,66
8/19/1984,23,28,10,61
8/20/1984,24,24,26,74
8/21/1984,23,33,13,69
8/22/1984,27,25,18,70
8/23/1984,22,33,7,62
8/24/1984,20,32,14,66
8/25/1984,15,15,9,39
8/26/1984,9,32,13,54
8/27/1984,23,41,21,85
8/28/1984,16,25,9,50
8/29/1984,19,29,21,69
8/30/1984,21,35,15,71
8/31/1984,19,17,20,56
9/1/1984,19,36,20,75
9/2/1984,18,42,18,78
9/3/1984,26,32,15,73
9/4/1984,15,25,17,57
9/5/1984,16,22,20,58
9/6/1984,31,27,8,66
9/7/1984,15,22,6,43
9/8/1984,28,15,14,57
9/9/1984,16,33,24,73
9/10/1984,22,34,8,64
9/11/1984,10,45,21,76
9/12/1984,22,36,26,84
9/13/1984,22,26,12,60
9/14/1984,28,39,17,84
9/15/1984,25,32,16,73
9/16/1984,15,26,15,56
9/17/1984,28,25,10,63
9/18/1984,14,40,16,70
9/19/1984,19,26,6,51
9/20/1984,23,27,17,67
9/21/1984,18,12,21,51
9/22/1984,22,30,19,71
9/23/1984,25,21,23,69
9/24/1984,15,22,8,45
9/25/1984,15,33,16,64
9/26/1984,22,22,19,63
9/27/1984,22,21,16,59
9/28/1984,11,33,20,64
9/29/1984,19,18,23,60
9/30/1984,16,25,22,63
10/1/1984,14,12,21,47
10/2/1984,29,19,9,57
10/3/1984,19,26,13,58
10/4/1984,15,15,15,45
10/5/1984,19,28,18,65
10/6/1984,20,22,12,54
10/7/1984,23,30,11,64
10/8/1984,29,37,12,78
10/9/1984,16,35,16,67
10/10/1984,24,13,16,53
10/11/1984,19,31,22,72
10/12/1984,22,23,24,69
10/13/1984,20,14,17,51
10/14/1984,25,20,14,59
10/15/1984,11,22,11,44
10/16/1984,27,34,24,85
10/17/1984,27,26,21,74
10/18/1984,22,36,12,70
10/19/1984,21,40,23,84
10/20/1984,16,19,15,50
10/21/1984,28,25,17,70
10/22/1984,12,25,21,58
10/23/1984,25,44,17,86
10/24/1984,18,23,19,60
10/25/1984,22,31,12,65
10/26/1984,13,32,21,66
10/27/1984,30,26,17,73
10/28/1984,19,30,20,69
10/29/1984,17,15,28,60
10/30/1984,30,40,13,83
10/31/1984,10,12,17,39
11/1/1984,18,19,14,51
11/2/1984,24,37,19,80
11/3/1984,22,30,15,67
11/4/1984,25,26,13,64
11/5/1984,15,10,21,46
11/6/1984,16,32,15,63
11/7/1984,15,25,11,51
11/8/1984,16,24,23,63
11/9/1984,20,29,11,60
11/10/1984,25,27,22,74
11/11/1984,23,21,21,65
11/12/1984,12,27,14,53
11/13/1984,21,18,18,57
11/14/1984,19,14,18,51
11/15/1984,14,24,20,58
11/16/1984,20,26,6,52
11/17/1984,16,23,18,57
11/18/1984,14,31,18,63
11/19/1984,16,28,21,65
11/20/1984,19,29,27,75
11/21/1984,21,32,16,69
11/22/1984,22,9,20,51
11/23/1984,26,18,18,62
11/24/1984,15,17,21,53
11/25/1984,27,26,9,62
11/26/1984,21,13,11,45
11/27/1984,22,16,15,53
11/28/1984,12,25,16,53
11/29/1984,12,33,16,61
11/30/1984,22,27,25,74
12/1/1984,21,23,13,57
12/2/1984,21,33,16,70
12/3/1984,20,24,13,57
12/4/1984,17,21,23,61
12/5/1984,23,32,15,70
12/6/1984,13,21,8,42
12/7/1984,16,27,23,66
12/8/1984,20,21,14,55
12/9/1984,14,30,10,54
12/10/1984,27,17,11,55
12/11/1984,29,26,25,80
12/12/1984,25,32,13,70
12/13/1984,18,37,17,72
12/14/1984,15,32,14,61
12/15/1984,14,42,20,76
12/16/1984,19,31,14,64
12/17/1984,18,26,22,66
12/18/1984,28,23,19,70
12/19/1984,13,29,18,60
12/20/1984,23,34,19,76
12/21/1984,22,34,13,69
12/22/1984,23,27,12,62
12/23/1984,12,31,15,58
12/24/1984,26,36,23,85
12/25/1984,20,41,19,80
12/26/1984,18,21,20,59
12/27/1984,18,30,23,71
12/28/1984,22,35,18,75
12/29/1984,18,25,11,54
12/30/1984,23,30,24,77
12/31/1984,13,35,13,61
1/1/1985,14,39,25,78
1/2/1985,22,19,13,54
1/3/1985,21,25,8,54
1/4/1985,14,19,13,46
1/5/1985,29,24,13,66
1/6/1985,16,32,20,68
1/7/1985,21,29,25,75
1/8/1985,25,27,15,67
1/9/1985,12,32,13,57
1/10/1985,23,22,18,63
1/11/1985,19,39,19,77
1/12/1985,23,30,22,75
1/13/1985,14,21,27,62
1/14/1985,18,17,17,52
1/15/1985,15,33,18,66
1/16/1985,8,28,17,53
1/17/1985,19,24,23,66
1/18/1985,21,38,9,68
1/19/1985,26,23,21,70
1/20/1985,20,24,23,67
1/21/1985,11,28,14,53
1/22/1985,18,27,7,52
1/23/1985,19,16,22,57
1/24/1985,11,32,22,65
1/25/1985,18,32,24,74
1/26/1985,16,19,13,48
1/27/1985,29,29,11,69
1/28/1985,20,22,18,60
1/29/1985,11,42,19,72
1/30/1985,18,32,19,69
1/31/1985,10,31,21,62
2/1/1985,26,14,18,58
2/2/1985,18,29,21,68
2/3/1985,18,17,16,51
2/4/1985,24,36,16,76
2/5/1985,16,21,21,58
2/6/1985,24,23,17,64
2/7/1985,22,32,22,76
2/8/1985,25,34,22,81
2/9/1985,14,20,10,44
2/10/1985,9,15,6,30
2/11/1985,21,20,19,60
2/12/1985,7,35,25,67
2/13/1985,24,35,22,81
2/14/1985,24,23,23,70
2/15/1985,23,22,12,57
2/16/1985,30,12,26,68
2/17/1985,17,17,23,57
2/18/1985,20,22,26,68
2/19/1985,13,22,23,58
2/20/1985,18,37,23,78
2/21/1985,22,28,19,69
2/22/1985,24,42,12,78
2/23/1985,27,22,18,67
2/24/1985,21,33,14,68
2/25/1985,22,30,11,63
2/26/1985,18,33,9,60
2/27/1985,19,35,11,65
2/28/1985,20,16,14,50
3/1/1985,24,15,24,63
3/2/1985,12,34,16,62
3/3/1985,16,21,16,53
3/4/1985,15,27,12,54
3/5/1985,19,15,15,49
3/6/1985,13,26,18,57
3/7/1985,16,28,13,57
3/8/1985,19,16,12,47
3/9/1985,22,32,17,71
3/10/1985,29,17,26,72
3/11/1985,13,26,20,59
3/12/1985,19,22,11,52
3/13/1985,17,30,22,69
3/14/1985,23,27,20,70
3/15/1985,23,27,15,65
3/16/1985,18,32,18,68
3/17/1985,24,28,20,72
3/18/1985,19,21,20,60
3/19/1985,24,36,20,80
3/20/1985,21,23,19,63
3/21/1985,20,28,23,71
3/22/1985,9,39,17,65
3/23/1985,11,34,19,64
3/24/1985,10,24,16,50
3/25/1985,17,35,24,76
3/26/1985,22,30,20,72
3/27/1985,24,24,17,65
3/28/1985,26,27,10,63
3/29/1985,33,17,9,59
3/30/1985,17,20,15,52
3/31/1985,27,32,15,74
4/1/1985,23,40,24,87
4/2/1985,30,30,22,82
4/3/1985,23,34,15,72
4/4/1985,20,26,11,57
4/5/1985,16,30,12,58
4/6/1985,6,22,12,40
4/7/1985,18,18,13,49
4/8/1985,24,21,20,65
4/9/1985,23,17,12,52
4/10/1985,21,38,15,74
4/11/1985,22,24,9,55
4/12/1985,17,23,9,49
4/13/1985,20,16,14,50
4/14/1985,21,26,26,73
4/15/1985,20,29,15,64
4/16/1985,20,26,21,67
4/17/1985,19,27,22,68
4/18/1985,20,32,15,67
4/19/1985,20,31,13,64
4/20/1985,24,30,8,62
4/21/1985,24,34,23,81
4/22/1985,11,28,14,53
4/23/1985,20,25,9,54
4/24/1985,20,21,12,53
4/25/1985,16,32,7,55
4/26/1985,17,26,12,55
4/27/1985,16,13,17,46
4/28/1985,27,34,15,76
4/29/1985,25,12,14,51
4/30/1985,17,27,18,62
5/1/1985,21,36,15,72
5/2/1985,17,25,24,66
5/3/1985,22,25,18,65
5/4/1985,17,35,14,66
5/5/1985,19,32,19,70
5/6/1985,13,16,13,42
5/7/1985,22,18,10,50
5/8/1985,15,28,15,58
5/9/1985,24,22,11,57
5/10/1985,21,21,26,68
5/11/1985,17,44,18,79
5/12/1985,14,37,14,65
5/13/1985,20,33,19,72
5/14/1985,22,25,15,62
5/15/1985,11,31,15,57
5/16/1985,17,13,21,51
5/17/1985,17,40,19,76
5/18/1985,18,23,23,64
5/19/1985,26,31,7,64
5/20/1985,19,24,10,53
5/21/1985,20,23,19,62
5/22/1985,17,29,15,61
5/23/1985,19,15,15,49
5/24/1985,25,17,24,66
5/25/1985,19,24,21,64
5/26/1985,29,18,17,64
5/27/1985,26,20,18,64
5/28/1985,13,44,19,76
5/29/1985,24,16,24,64
5/30/1985,19,18,18,55
5/31/1985,20,32,17,69
6/1/1985,13,17,15,45
6/2/1985,26,16,19,61
6/3/1985,17,17,19,53
6/4/1985,25,33,18,76
6/5/1985,11,26,16,53
6/6/1985,17,32,13,62
6/7/1985,21,31,21,73
6/8/1985,16,21,27,64
6/9/1985,27,31,11,69
6/10/1985,22,20,11,53
6/11/1985,22,33,14,69
6/12/1985,26,23,11,60
6/13/1985,27,34,6,67
6/14/1985,19,18,17,54
6/15/1985,19,39,22,80
6/16/1985,19,29,14,62
6/17/1985,24,14,12,50
6/18/1985,16,25,18,59
6/19/1985,13,34,14,61
6/20/1985,27,24,19,70
6/21/1985,23,29,12,64
6/22/1985,16,36,16,68
6/23/1985,19,22,21,62
6/24/1985,21,23,8,52
6/25/1985,16,30,8,54
6/26/1985,17,21,17,55
6/27/1985,27,17,18,62
6/28/1985,17,38,14,69
6/29/1985,8,33,16,57
6/30/1985,23,29,11,63
7/1/1985,14,19,20,53
7/2/1985,27,35,13,75
7/3/1985,15,17,24,56
7/4/1985,11,35,13,59
7/5/1985,13,25,13,51
7/6/1985,22,27,12,61
7/7/1985,13,37,21,71
7/8/1985,12,35,19,66
7/9/1985,16,23,24,63
7/10/1985,16,26,17,59
7/11/1985,22,24,17,63
7/12/1985,14,33,11,58
7/13/1985,20,30,25,75
7/14/1985,17,38,15,70
7/15/1985,26,28,13,67
7/16/1985,21,19,10,50
7/17/1985,13,41,10,64
7/18/1985,12,24,16,52
7/19/1985,18,32,15,65
7/20/1985,16,31,21,68
7/21/1985,21,33,13,67
7/22/1985,25,25,13,63
7/23/1985,28,41,19,88
7/24/1985,23,26,7,56
7/25/1985,17,29,10,56
7/26/1985,13,27,18,58
7/27/1985,16,9,21,46
7/28/1985,18,23,10,51
7/29/1985,25,34,14,73
7/30/1985,24,19,22,65
7/31/1985,14,17,9,40
8/1/1985,27,29,26,82
8/2/1985,31,31,18,80
8/3/1985,22,22,9,53
8/4/1985,18,32,22,72
8/5/1985,12,32,10,54
8/6/1985,25,24,9,58
8/7/1985,8,16,16,40
8/8/1985,11,8,9,28
8/9/1985,22,23,9,54
8/10/1985,16,30,22,68
8/11/1985,19,15,13,47
8/12/1985,24,37,22,83
8/13/1985,13,34,25,72
8/14/1985,15,24,23,62
8/15/1985,23,34,19,76
8/16/1985,10,19,18,47
8/17/1985,27,31,21,79
8/18/1985,12,16,17,45
8/19/1985,23,33,14,70
8/20/1985,18,31,9,58
8/21/1985,25,28,7,60
8/22/1985,16,31,18,65
8/23/1985,12,31,15,58
8/24/1985,18,29,14,61
8/25/1985,20,21,11,52
8/26/1985,13,31,11,55
8/27/1985,19,28,18,65
8/28/1985,22,16,21,59
8/29/1985,24,16,17,57
8/30/1985,19,22,13,54
8/31/1985,21,36,11,68
9/1/1985,19,33,15,67
9/2/1985,21,30,10,61
9/3/1985,14,30,24,68
9/4/1985,9,22,14,45
9/5/1985,16,29,28,73
9/6/1985,21,39,17,77
9/7/1985,12,21,9,42
9/8/1985,18,25,18,61
9/9/1985,17,41,8,66
9/10/1985,16,32,19,67
9/11/1985,16,38,16,70
9/12/1985,25,29,20,74
9/13/1985,28,27,14,69
9/14/1985,21,18,18,57
9/15/1985,25,18,20,63
9/16/1985,23,20,14,57
9/17/1985,18,23,17,58
9/18/1985,14,32,16,62
9/19/1985,24,22,11,57
9/20/1985,16,28,13,57
9/21/1985,24,37,14,75
9/22/1985,19,31,21,71
9/23/1985,9,29,15,53
9/24/1985,20,39,21,80
9/25/1985,18,12,12,42
9/26/1985,17,24,18,59
9/27/1985,22,34,15,71
9/28/1985,16,32,16,64
9/29/1985,27,32,20,79
9/30/1985,16,31,19,66
10/1/1985,29,45,24,98
10/2/1985,18,36,16,70
10/3/1985,22,21,16,59
10/4/1985,15,28,23,66
10/5/1985,15,25,22,62
10/6/1985,14,42,17,73
10/7/1985,20,37,21,78
10/8/1985,20,34,12,66
10/9/1985,13,29,20,62
10/10/1985,19,16,14,49
10/11/1985,13,26,24,63
10/12/1985,24,34,18,76
10/13/1985,19,30,19,68
10/14/1985,21,36,23,80
10/15/1985,17,30,16,63
10/16/1985,23,35,24,82
10/17/1985,14,27,24,65
10/18/1985,25,21,18,64
10/19/1985,25,28,24,77
10/20/1985,16,20,18,54
10/21/1985,24,22,11,57
10/22/1985,11,32,19,62
10/23/1985,12,29,10,51
10/24/1985,20,18,15,53
10/25/1985,20,19,20,59
10/26/1985,17,17,16,50
10/27/1985,21,21,15,57
10/28/1985,15,22,17,54
10/29/1985,21,22,17,60
10/30/1985,13,22,14,49
10/31/1985,22,27,22,71
11/1/1985,28,30,11,69
11/2/1985,23,25,14,62
11/3/1985,22,29,13,64
11/4/1985,9,28,8,45
11/5/1985,18,25,17,60
11/6/1985,16,23,13,52
11/7/1985,33,20,20,73
11/8/1985,11,14,25,50
11/9/1985,20,30,22,72
11/10/1985,24,35,13,72
11/11/1985,13,20,20,53
11/12/1985,27,35,21,83
11/13/1985,28,29,21,78
11/14/1985,15,23,11,49
11/15/1985,22,43,19,84
11/16/1985,22,18,21,61
11/17/1985,18,20,19,57
11/18/1985,10,20,14,44
11/19/1985,10,27,15,52
11/20/1985,18,23,11,52
11/21/1985,15,35,26,76
11/22/1985,17,26,17,60
11/23/1985,15,24,18,57
11/24/1985,22,25,21,68
11/25/1985,25,37,15,77
11/26/1985,13,25,8,46
11/27/1985,23,22,19,64
11/28/1985,20,31,23,74
11/29/1985,24,31,18,73
11/30/1985,12,25,13,50
12/1/1985,32,37,17,86
12/2/1985,31,31,15,77
12/3/1985,18,28,15,61
12/4/1985,15,38,15,68
12/5/1985,18,27,15,60
12/6/1985,7,19,21,47
12/7/1985,17,25,19,61
12/8/1985,20,22,15,57
12/9/1985,27,26,18,71
12/10/1985,26,20,23,69
12/11/1985,11,28,15,54
12/12/1985,23,28,22,73
12/13/1985,21,23,9,53
12/14/1985,14,26,11,51
12/15/1985,20,12,12,44
12/16/1985,26,27,14,67
12/17/1985,8,18,21,47
12/18/1985,15,29,20,64
12/19/1985,24,37,8,69
12/20/1985,9,37,22,68
12/21/1985,21,21,7,49
12/22/1985,25,21,21,67
12/23/1985,26,22,17,65
12/24/1985,16,21,22,59
12/25/1985,8,17,18,43
12/26/1985,11,27,10,48
12/27/1985,20,24,18,62
12/28/1985,13,20,18,51
12/29/1985,22,33,20,75
12/30/1985,9,31,11,51
12/31/1985,16,33,11,60
1/1/1986,13,31,14,58
1/2/1986,19,23,25,67
1/3/1986,14,31,24,69
1/4/1986,17,21,16,54
1/5/1986,17,30,15,62
1/6/1986,14,19,9,42
1/7/1986,17,20,23,60
1/8/1986,21,37,17,75
1/9/1986,24,28,12,64
1/10/1986,18,21,19,58
1/11/1986,26,25,16,67
1/12/1986,20,25,10,55
1/13/1986,19,33,11,63
1/14/1986,27,26,18,71
1/15/1986,14,26,26,66
1/16/1986,11,29,21,61
1/17/1986,29,19,15,63
1/18/1986,13,15,20,48
1/19/1986,23,23,11,57
1/20/1986,24,21,14,59
1/21/1986,23,29,18,70
1/22/1986,15,36,22,73
1/23/1986,12,20,14,46
1/24/1986,21,29,25,75
1/25/1986,10,36,16,62
1/26/1986,9,31,19,59
1/27/1986,29,33,19,81
1/28/1986,13,24,17,54
1/29/1986,26,28,26,80
1/30/1986,14,21,15,50
1/31/1986,13,28,10,51
2/1/1986,19,24,11,54
2/2/1986,8,19,18,45
2/3/1986,9,20,10,39
2/4/1986,20,17,23,60
2/5/1986,20,22,19,61
2/6/1986,9,15,18,42
2/7/1986,21,14,10,45
2/8/1986,21,23,24,68
2/9/1986,23,23,22,68
2/10/1986,21,15,20,56
2/11/1986,23,25,17,65
2/12/1986,26,30,19,75
2/13/1986,16,34,18,68
2/14/1986,16,32,15,63
2/15/1986,11,21,22,54
2/16/1986,20,16,17,53
2/17/1986,25,25,13,63
2/18/1986,10,40,21,71
2/19/1986,26,32,26,84
2/20/1986,13,37,18,68
2/21/1986,19,25,16,60
2/22/1986,18,34,15,67
2/23/1986,19,20,16,55
2/24/1986,19,34,14,67
2/25/1986,18,25,11,54
2/26/1986,20,41,22,83
2/27/1986,19,30,17,66
2/28/1986,19,36,11,66
3/1/1986,26,31,23,80
3/2/1986,20,16,14,50
3/3/1986,20,26,11,57
3/4/1986,8,24,25,57
3/5/1986,11,23,14,48
3/6/1986,12,28,13,53
3/7/1986,17,37,16,70
3/8/1986,21,24,19,64
3/9/1986,17,27,25,69
3/10/1986,17,31,21,69
3/11/1986,21,28,10,59
3/12/1986,17,25,19,61
3/13/1986,18,25,16,59
3/14/1986,14,19,13,46
3/15/1986,23,34,16,73
3/16/1986,21,26,21,68
3/17/1986,18,11,19,48
3/18/1986,19,29,18,66
3/19/1986,20,33,10,63
3/20/1986,16,32,17,65
3/21/1986,18,39,12,69
3/22/1986,19,22,11,52
3/23/1986,20,39,19,78
3/24/1986,22,29,16,67
3/25/1986,31,24,19,74
3/26/1986,22,31,22,75
3/27/1986,16,28,14,58
3/28/1986,26,29,14,69
3/29/1986,20,37,19,76
3/30/1986,17,24,20,61
3/31/1986,21,29,14,64
4/1/1986,24,31,21,76
4/2/1986,22,39,25,86
4/3/1986,18,25,22,65
4/4/1986,23,21,14,58
4/5/1986,11,21,10,42
4/6/1986,19,31,9,59
4/7/1986,20,27,18,65
4/8/1986,8,26,19,53
4/9/1986,18,32,24,74
4/10/1986,29,26,23,78
4/11/1986,14,23,19,56
4/12/1986,8,30,19,57
4/13/1986,17,38,17,72
4/14/1986,15,31,17,63
4/15/1986,12,31,13,56
4/16/1986,14,25,22,61
4/17/1986,13,24,15,52
4/18/1986,19,25,13,57
4/19/1986,26,10,14,50
4/20/1986,16,28,9,53
4/21/1986,28,25,17,70
4/22/1986,24,35,8,67
4/23/1986,11,32,12,55
4/24/1986,15,27,23,65
4/25/1986,24,23,22,69
4/26/1986,17,29,19,65
4/27/1986,17,27,12,56
4/28/1986,18,19,9,46
4/29/1986,14,34,15,63
4/30/1986,20,21,16,57
5/1/1986,24,24,15,63
5/2/1986,13,25,20,58
5/3/1986,13,22,16,51
5/4/1986,28,26,21,75
5/5/1986,27,17,21,65
5/6/1986,15,24,8,47
5/7/1986,24,39,20,83
5/8/1986,14,34,22,70
5/9/1986,26,14,4,44
5/10/1986,30,25,22,77
5/11/1986,17,36,14,67
5/12/1986,14,30,19,63
5/13/1986,7,24,21,52
5/14/1986,20,36,5,61
5/15/1986,15,11,24,50
5/16/1986,16,28,21,65
5/17/1986,30,18,20,68
5/18/1986,13,15,21,49
5/19/1986,20,28,27,75
5/20/1986,22,24,15,61
5/21/1986,28,32,16,76
5/22/1986,13,29,19,61
5/23/1986,19,28,15,62
5/24/1986,14,41,22,77
5/25/1986,22,26,19,67
5/26/1986,30,21,13,64
5/27/1986,15,43,21,79
5/28/1986,22,34,11,67
5/29/1986,17,13,8,38
5/30/1986,15,27,14,56
5/31/1986,22,21,26,69
6/1/1986,20,27,12,59
6/2/1986,18,17,15,50
6/3/1986,24,35,14,73
6/4/1986,20,15,18,53
6/5/1986,22,19,17,58
6/6/1986,18,28,13,59
6/7/1986,16,23,13,52
6/8/1986,27,9,12,48
6/9/1986,29,24,14,67
6/10/1986,13,18,24,55
6/11/1986,22,16,15,53
6/12/1986,12,29,21,62
6/13/1986,19,13,15,47
6/14/1986,21,27,22,70
6/15/1986,25,19,10,54
6/16/1986,24,26,19,69
6/17/1986,22,20,11,53
6/18/1986,23,32,16,71
6/19/1986,18,20,25,63
6/20/1986,26,28,16,70
6/21/1986,22,32,10,64
6/22/1986,16,27,17,60
6/23/1986,19,20,15,54
6/24/1986,17,38,14,69
6/25/1986,26,29,22,77
6/26/1986,21,19,18,58
6/27/1986,11,39,19,69
6/28/1986,18,35,20,73
6/29/1986,14,40,19,73
6/30/1986,21,20,15,56
7/1/1986,24,18,13,55
7/2/1986,24,36,12,72
7/3/1986,18,38,22,78
7/4/1986,16,27,24,67
7/5/1986,20,20,21,61
7/6/1986,18,23,18,59
7/7/1986,27,14,14,55
7/8/1986,18,19,17,54
7/9/1986,22,37,8,67
7/10/1986,13,33,18,64
7/11/1986,18,26,16,60
7/12/1986,22,31,17,70
7/13/1986,14,35,22,71
7/14/1986,18,29,25,72
7/15/1986,25,23,14,62
7/16/1986,17,29,14,60
7/17/1986,20,29,10,59
7/18/1986,14,25,16,55
7/19/1986,18,29,25,72
7/20/1986,15,40,24,79
7/21/1986,27,27,18,72
7/22/1986,12,22,18,52
7/23/1986,16,35,20,71
7/24/1986,12,22,18,52
7/25/1986,32,25,17,74
7/26/1986,20,28,14,62
7/27/1986,18,22,11,51
7/28/1986,21,34,17,72
7/29/1986,14,18,23,55
7/30/1986,16,23,23,62
7/31/1986,20,30,8,58
8/1/1986,19,37,13,69
8/2/1986,20,26,12,58
8/3/1986,21,31,13,65
8/4/1986,14,39,18,71
8/5/1986,14,21,16,51
8/6/1986,27,40,24,91
8/7/1986,21,31,12,64
8/8/1986,23,31,19,73
8/9/1986,14,38,23,75
8/10/1986,15,17,18,50
8/11/1986,28,35,14,77
8/12/1986,24,26,12,62
8/13/1986,24,15,19,58
8/14/1986,32,10,12,54
8/15/1986,26,35,11,72
8/16/1986,23,25,21,69
8/17/1986,11,34,19,64
8/18/1986,23,30,12,65
8/19/1986,22,17,15,54
8/20/1986,17,32,17,66
8/21/1986,15,41,12,68
8/22/1986,11,36,12,59
8/23/1986,28,27,9,64
8/24/1986,18,26,19,63
8/25/1986,16,18,10,44
8/26/1986,20,16,23,59
8/27/1986,16,29,21,66
8/28/1986,21,26,25,72
8/29/1986,17,26,13,56
8/30/1986,22,34,15,71
8/31/1986,16,28,21,65
9/1/1986,19,35,19,73
9/2/1986,20,27,10,57
9/3/1986,20,24,19,63
9/4/1986,19,28,22,69
9/5/1986,18,26,13,57
9/6/1986,8,45,9,62
9/7/1986,16,29,13,58
9/8/1986,17,17,10,44
9/9/1986,17,30,13,60
9/10/1986,28,39,19,86
9/11/1986,17,36,20,73
9/12/1986,24,30,13,67
9/13/1986,24,38,19,81
9/14/1986,15,16,14,45
9/15/1986,29,35,11,75
9/16/1986,25,22,21,68
9/17/1986,19,30,20,69
9/18/1986,14,34,18,66
9/19/1986,11,31,5,47
9/20/1986,21,27,23,71
9/21/1986,16,22,12,50
9/22/1986,17,20,10,47
9/23/1986,19,19,13,51
9/24/1986,20,37,10,67
9/25/1986,23,26,23,72
9/26/1986,18,17,13,48
9/27/1986,21,27,26,74
9/28/1986,23,28,24,75
9/29/1986,27,25,23,75
9/30/1986,9,34,22,65
10/1/1986,15,18,16,49
10/2/1986,23,22,7,52
10/3/1986,10,30,9,49
10/4/1986,15,23,23,61
10/5/1986,20,22,10,52
10/6/1986,18,32,20,70
10/7/1986,22,18,18,58
10/8/1986,21,34,22,77
10/9/1986,15,33,16,64
10/10/1986,17,24,19,60
10/11/1986,23,24,20,67
10/12/1986,26,17,15,58
10/13/1986,20,31,14,65
10/14/1986,14,9,17,40
10/15/1986,24,34,19,77
10/16/1986,22,33,10,65
10/17/1986,16,16,18,50
10/18/1986,15,40,15,70
10/19/1986,19,26,10,55
10/20/1986,14,32,14,60
10/21/1986,22,32,16,70
10/22/1986,22,33,15,70
10/23/1986,23,27,10,60
10/24/1986,25,28,12,65
10/25/1986,16,22,17,55
10/26/1986,13,30,22,65
10/27/1986,14,16,22,52
10/28/1986,22,33,24,79
10/29/1986,23,19,21,63
10/30/1986,8,25,16,49
10/31/1986,11,30,16,57
11/1/1986,24,37,7,68
11/2/1986,13,25,13,51
11/3/1986,15,37,7,59
11/4/1986,31,39,15,85
11/5/1986,26,37,19,82
11/6/1986,20,22,22,64
11/7/1986,22,21,14,57
11/8/1986,23,40,25,88
11/9/1986,14,24,20,58
11/10/1986,29,27,16,72
11/11/1986,24,24,23,71
11/12/1986,22,13,23,58
11/13/1986,18,25,24,67
11/14/1986,14,30,14,58
11/15/1986,16,31,13,60
11/16/1986,15,30,14,59
11/17/1986,18,35,21,74
11/18/1986,28,21,26,75
11/19/1986,29,31,19,79
11/20/1986,16,18,8,42
11/21/1986,27,40,15,82
11/22/1986,21,14,13,48
11/23/1986,15,40,19,74
11/24/1986,25,26,17,68
11/25/1986,18,23,11,52
11/26/1986,30,38,17,85
11/27/1986,20,33,15,68
11/28/1986,17,33,8,58
11/29/1986,10,21,24,55
11/30/1986,16,30,20,66
12/1/1986,19,42,15,76
12/2/1986,19,21,12,52
12/3/1986,18,25,21,64
12/4/1986,21,37,16,74
12/5/1986,8,37,10,55
12/6/1986,14,26,22,62
12/7/1986,26,39,26,91
12/8/1986,29,33,25,87
12/9/1986,21,30,23,74
12/10/1986,14,27,15,56
12/11/1986,21,32,16,69
12/12/1986,14,10,10,34
12/13/1986,22,11,9,42
12/14/1986,25,29,22,76
12/15/1986,15,31,16,62
12/16/1986,20,20,22,62
12/17/1986,22,39,12,73
12/18/1986,13,17,18,48
12/19/1986,20,14,17,51
12/20/1986,19,13,20,52
12/21/1986,18,29,11,58
12/22/1986,21,24,21,66
12/23/1986,23,24,18,65
12/24/1986,27,23,16,66
12/25/1986,21,21,21,63
12/26/1986,17,29,18,64
12/27/1986,24,16,21,61
12/28/1986,14,15,13,42
12/29/1986,24,35,19,78
12/30/1986,18,28,16,62
12/31/1986,14,10,24,48
1/1/1987,13,30,14,57
1/2/1987,16,25,22,63
1/3/1987,15,41,14,70
1/4/1987,17,34,18,69
1/5/1987,15,30,16,61
1/6/1987,12,37,12,61
1/7/1987,27,38,12,77
1/8/1987,20,15,12,47
1/9/1987,17,39,20,76
1/10/1987,13,31,25,69
1/11/1987,14,24,17,55
1/12/1987,23,33,16,72
1/13/1987,31,23,23,77
1/14/1987,17,28,10,55
1/15/1987,30,24,16,70
1/16/1987,13,26,11,50
1/17/1987,25,20,15,60
1/18/1987,18,25,24,67
1/19/1987,10,29,14,53
1/20/1987,17,26,21,64
1/21/1987,15,23,20,58
1/22/1987,18,26,12,56
1/23/1987,16,15,19,50
1/24/1987,21,20,23,64
1/25/1987,25,25,16,66
1/26/1987,22,23,13,58
1/27/1987,17,23,17,57
1/28/1987,20,20,9,49
1/29/1987,21,30,16,67
1/30/1987,24,13,12,49
1/31/1987,27,21,23,71
2/1/1987,6,37,12,55
2/2/1987,21,29,20,70
2/3/1987,24,22,16,62
2/4/1987,17,28,11,56
2/5/1987,20,18,10,48
2/6/1987,27,33,13,73
2/7/1987,19,26,6,51
2/8/1987,23,26,24,73
2/9/1987,24,32,18,74
2/10/1987,11,24,17,52
2/11/1987,14,25,22,61
2/12/1987,27,33,24,84
2/13/1987,24,34,18,76
2/14/1987,18,22,9,49
2/15/1987,9,24,26,59
2/16/1987,28,37,17,82
2/17/1987,15,27,17,59
2/18/1987,19,25,20,64
2/19/1987,24,20,12,56
2/20/1987,21,21,10,52
2/21/1987,17,24,20,61
2/22/1987,23,22,25,70
2/23/1987,20,33,24,77
2/24/1987,27,14,25,66
2/25/1987,26,41,25,92
2/26/1987,13,18,18,49
2/27/1987,17,25,22,64
2/28/1987,25,33,17,75
3/1/1987,27,39,24,90
3/2/1987,20,20,23,63
3/3/1987,29,37,13,79
3/4/1987,17,31,16,64
3/5/1987,24,25,23,72
3/6/1987,14,36,26,76
3/7/1987,18,36,16,70
3/8/1987,18,26,24,68
3/9/1987,11,29,15,55
3/10/1987,18,21,15,54
3/11/1987,13,24,11,48
3/12/1987,20,27,22,69
3/13/1987,20,27,22,69
3/14/1987,21,24,10,55
3/15/1987,18,24,19,61
3/16/1987,22,35,20,77
3/17/1987,27,32,17,76
3/18/1987,18,28,13,59
3/19/1987,18,25,14,57
3/20/1987,16,26,13,55
3/21/1987,25,40,22,87
3/22/1987,21,28,18,67
3/23/1987,16,24,14,54
3/24/1987,16,26,9,51
3/25/1987,17,17,18,52
3/26/1987,23,37,15,75
3/27/1987,15,31,17,63
3/28/1987,26,21,17,64
3/29/1987,22,27,18,67
3/30/1987,22,23,16,61
3/31/1987,26,21,14,61
4/1/1987,20,32,23,75
4/2/1987,17,15,17,49
4/3/1987,33,37,21,91
4/4/1987,22,22,9,53
4/5/1987,22,14,22,58
4/6/1987,14,21,15,50
4/7/1987,24,19,15,58
4/8/1987,14,12,22,48
4/9/1987,17,39,18,74
4/10/1987,24,42,18,84
4/11/1987,22,21,20,63
4/12/1987,20,34,25,79
4/13/1987,20,22,18,60
4/14/1987,15,26,14,55
4/15/1987,16,35,19,70
4/16/1987,21,23,15,59
4/17/1987,32,24,23,79
4/18/1987,29,32,13,74
4/19/1987,19,24,13,56
4/20/1987,15,16,22,53
4/21/1987,21,22,16,59
4/22/1987,24,29,17,70
4/23/1987,24,28,12,64
4/24/1987,13,21,20,54
4/25/1987,20,21,19,60
4/26/1987,21,19,17,57
4/27/1987,16,26,12,54
4/28/1987,17,27,12,56
4/29/1987,22,36,13,71
4/30/1987,18,25,21,64
5/1/1987,20,12,12,44
5/2/1987,20,19,17,56
5/3/1987,8,19,20,47
5/4/1987,19,32,19,70
5/5/1987,18,43,18,79
5/6/1987,26,14,15,55
5/7/1987,19,33,18,70
5/8/1987,25,23,20,68
5/9/1987,27,25,17,69
5/10/1987,29,34,10,73
5/11/1987,11,28,11,50
5/12/1987,21,39,23,83
5/13/1987,22,16,11,49
5/14/1987,21,37,15,73
5/15/1987,25,37,8,70
5/16/1987,17,24,12,53
5/17/1987,20,25,17,62
5/18/1987,16,27,18,61
5/19/1987,20,19,9,48
5/20/1987,15,33,12,60
5/21/1987,16,18,13,47
5/22/1987,9,21,14,44
5/23/1987,26,15,23,64
5/24/1987,14,19,23,56
5/25/1987,20,14,25,59
5/26/1987,21,42,20,83
5/27/1987,15,29,18,62
5/28/1987,26,20,19,65
5/29/1987,21,19,19,59
5/30/1987,18,26,15,59
5/31/1987,21,32,20,73
6/1/1987,26,27,12,65
6/2/1987,27,15,17,59
6/3/1987,15,29,17,61
6/4/1987,9,31,22,62
6/5/1987,22,21,14,57
6/6/1987,27,18,20,65
6/7/1987,18,15,17,50
6/8/1987,18,25,24,67
6/9/1987,17,32,17,66
6/10/1987,29,12,14,55
6/11/1987,12,33,10,55
6/12/1987,19,33,14,66
6/13/1987,17,25,17,59
6/14/1987,26,30,15,71
6/15/1987,7,31,9,47
6/16/1987,24,18,16,58
6/17/1987,19,19,25,63
6/18/1987,20,18,9,47
6/19/1987,13,27,21,61
6/20/1987,23,20,9,52
6/21/1987,15,28,13,56
6/22/1987,10,29,27,66
6/23/1987,22,40,22,84
6/24/1987,9,28,11,48
6/25/1987,17,25,17,59
6/26/1987,27,37,10,74
6/27/1987,15,30,23,68
6/28/1987,15,24,11,50
6/29/1987,12,28,24,64
6/30/1987,23,14,19,56
7/1/1987,21,28,12,61
7/2/1987,14,23,24,61
7/3/1987,26,26,14,66
7/4/1987,19,38,18,75
7/5/1987,26,24,22,72
7/6/1987,24,27,11,62
7/7/1987,23,27,20,70
7/8/1987,19,27,14,60
7/9/1987,16,40,13,69
7/10/1987,10,21,20,51
7/11/1987,26,18,11,55
7/12/1987,13,41,25,79
7/13/1987,22,32,18,72
7/14/1987,29,25,14,68
7/15/1987,23,24,24,71
7/16/1987,18,34,24,76
7/17/1987,16,23,10,49
7/18/1987,25,29,18,72
7/19/1987,25,24,14,63
7/20/1987,28,20,18,66
7/21/1987,21,35,19,75
7/22/1987,20,25,25,70
7/23/1987,19,25,8,52
7/24/1987,21,24,13,58
7/25/1987,15,20,15,50
7/26/1987,22,39,7,68
7/27/1987,21,37,17,75
7/28/1987,19,29,21,69
7/29/1987,13,26,19,58
7/30/1987,20,26,27,73
7/31/1987,15,21,17,53
8/1/1987,15,15,24,54
8/2/1987,21,20,20,61
8/3/1987,26,31,15,72
8/4/1987,28,27,12,67
8/5/1987,19,34,19,72
8/6/1987,18,24,16,58
8/7/1987,23,20,12,55
8/8/1987,20,22,16,58
8/9/1987,15,29,17,61
8/10/1987,17,22,17,56
8/11/1987,22,30,20,72
8/12/1987,17,31,14,62
8/13/1987,22,28,12,62
8/14/1987,11,30,18,59
8/15/1987,20,35,17,72
8/16/1987,17,14,14,45
8/17/1987,22,33,21,76
8/18/1987,21,29,16,66
8/19/1987,29,21,9,59
8/20/1987,18,45,9,72
8/21/1987,27,23,17,67
8/22/1987,15,31,15,61
8/23/1987,27,18,19,64
8/24/1987,28,45,18,91
8/25/1987,23,38,15,76
8/26/1987,23,32,17,72
8/27/1987,25,39,17,81
8/28/1987,21,30,10,61
8/29/1987,18,28,14,60
8/30/1987,24,35,18,77
8/31/1987,28,34,14,76
9/1/1987,19,24,24,67
9/2/1987,24,17,11,52
9/3/1987,23,28,15,66
9/4/1987,25,42,15,82
9/5/1987,24,28,19,71
9/6/1987,20,26,20,66
9/7/1987,24,26,18,68
9/8/1987,18,22,26,66
9/9/1987,26,18,23,67
9/10/1987,15,17,13,45
9/11/1987,17,25,17,59
9/12/1987,22,22,12,56
9/13/1987,18,28,17,63
9/14/1987,22,11,9,42
9/15/1987,20,29,20,69
9/16/1987,11,36,11,58
9/17/1987,16,12,8,36
9/18/1987,16,36,14,66
9/19/1987,19,32,10,61
9/20/1987,15,30,13,58
9/21/1987,15,34,10,59
9/22/1987,14,33,18,65
9/23/1987,22,32,21,75
9/24/1987,21,32,20,73
9/25/1987,22,23,16,61
9/26/1987,15,23,14,52
9/27/1987,19,21,14,54
9/28/1987,15,39,11,65
9/29/1987,18,39,10,67
9/30/1987,23,25,13,61
10/1/1987,20,30,19,69
10/2/1987,21,24,20,65
10/3/1987,17,34,16,67
10/4/1987,15,30,9,54
10/5/1987,22,36,14,72
10/6/1987,22,42,11,75
10/7/1987,25,33,14,72
10/8/1987,13,23,15,51
10/9/1987,21,33,15,69
10/10/1987,18,34,16,68
10/11/1987,19,32,18,69
10/12/1987,25,32,13,70
10/13/1987,22,29,15,66
10/14/1987,14,21,20,55
10/15/1987,26,31,22,79
10/16/1987,21,33,16,70
10/17/1987,26,24,13,63
10/18/1987,9,31,22,62
10/19/1987,14,31,6,51
10/20/1987,22,23,16,61
10/21/1987,18,32,17,67
10/22/1987,18,26,14,58
10/23/1987,19,31,10,60
10/24/1987,11,24,13,48
10/25/1987,16,29,23,68
10/26/1987,32,33,10,75
10/27/1987,23,22,20,65
10/28/1987,22,28,13,63
10/29/1987,22,24,25,71
10/30/1987,16,29,20,65
10/31/1987,12,17,19,48
11/1/1987,19,23,10,52
11/2/1987,21,23,13,57
11/3/1987,22,23,15,60
11/4/1987,11,38,10,59
11/5/1987,10,39,13,62
11/6/1987,23,22,11,56
11/7/1987,23,26,12,61
11/8/1987,16,32,10,58
11/9/1987,28,27,17,72
11/10/1987,19,25,12,56
11/11/1987,13,35,20,68
11/12/1987,9,22,17,48
11/13/1987,16,25,21,62
11/14/1987,23,32,22,77
11/15/1987,16,34,13,63
11/16/1987,12,40,11,63
11/17/1987,12,23,13,48
11/18/1987,16,20,18,54
11/19/1987,18,32,12,62
11/20/1987,26,18,15,59
11/21/1987,16,23,16,55
11/22/1987,22,32,12,66
11/23/1987,27,44,9,80
11/24/1987,19,13,24,56
11/25/1987,18,33,23,74
11/26/1987,16,25,23,64
11/27/1987,13,15,26,54
11/28/1987,26,35,14,75
11/29/1987,16,30,20,66
11/30/1987,27,28,19,74
12/1/1987,18,32,24,74
12/2/1987,27,27,11,65
12/3/1987,13,25,21,59
12/4/1987,18,20,7,45
12/5/1987,15,26,23,64
12/6/1987,25,33,17,75
12/7/1987,20,37,13,70
12/8/1987,19,34,7,60
12/9/1987,26,22,18,66
12/10/1987,20,14,24,58
12/11/1987,22,12,14,48
12/12/1987,27,21,15,63
12/13/1987,12,32,15,59
12/14/1987,27,31,10,68
12/15/1987,16,23,23,62
12/16/1987,19,35,13,67
12/17/1987,30,32,19,81
12/18/1987,15,20,12,47
12/19/1987,14,39,16,69
12/20/1987,17,25,16,58
12/21/1987,23,38,17,78
12/22/1987,25,35,15,75
12/23/1987,13,34,12,59
12/24/1987,22,24,12,58
12/25/1987,23,34,22,79
12/26/1987,19,28,14,61
12/27/1987,23,25,23,71
12/28/1987,17,20,23,60
12/29/1987,17,28,18,63
12/30/1987,17,23,12,52
12/31/1987,13,30,17,60
1/1/1988,19,35,23,77
1/2/1988,12,16,19,47
1/3/1988,15,20,7,42
1/4/1988,21,38,14,73
1/5/1988,22,22,14,58
1/6/1988,27,30,8,65
1/7/1988,26,27,11,64
1/8/1988,20,18,21,59
1/9/1988,12,28,25,65
1/10/1988,19,29,18,66
1/11/1988,22,26,20,68
1/12/1988,29,24,16,69
1/13/1988,10,34,20,64
1/14/1988,16,20,14,50
1/15/1988,16,23,15,54
1/16/1988,20,19,9,48
1/17/1988,15,21,15,51
1/18/1988,24,24,25,73
1/19/1988,30,24,13,67
1/20/1988,24,19,16,59
1/21/1988,15,28,18,61
1/22/1988,22,33,22,77
1/23/1988,23,22,10,55
1/24/1988,16,23,12,51
1/25/1988,26,28,16,70
1/26/1988,10,15,19,44
1/27/1988,24,16,21,61
1/28/1988,16,16,15,47
1/29/1988,9,40,12,61
1/30/1988,17,43,10,70
1/31/1988,12,33,23,68
2/1/1988,16,38,20,74
2/2/1988,21,19,26,66
2/3/1988,29,22,23,74
2/4/1988,21,22,22,65
2/5/1988,21,19,28,68
2/6/1988,18,37,24,79
2/7/1988,27,34,22,83
2/8/1988,30,37,11,78
2/9/1988,10,22,21,53
2/10/1988,15,24,15,54
2/11/1988,14,35,14,63
2/12/1988,12,25,14,51
2/13/1988,19,24,21,64
2/14/1988,16,28,23,67
2/15/1988,23,19,17,59
2/16/1988,18,25,13,56
2/17/1988,30,27,17,74
2/18/1988,27,29,17,73
2/19/1988,14,26,10,50
2/20/1988,23,43,10,76
2/21/1988,17,35,24,76
2/22/1988,13,19,22,54
2/23/1988,16,14,15,45
2/24/1988,18,38,18,74
2/25/1988,17,25,19,61
2/26/1988,14,25,19,58
2/27/1988,19,45,17,81
2/28/1988,24,21,7,52
2/29/1988,19,23,25,67
3/1/1988,17,19,25,61
3/2/1988,16,14,25,55
3/3/1988,26,20,18,64
3/4/1988,13,24,17,54
3/5/1988,24,23,14,61
3/6/1988,14,29,23,66
3/7/1988,19,30,17,66
3/8/1988,18,32,19,69
3/9/1988,21,26,9,56
3/10/1988,18,39,22,79
3/11/1988,25,25,11,61
3/12/1988,31,27,8,66
3/13/1988,26,38,22,86
3/14/1988,8,30,22,60
3/15/1988,23,32,14,69
3/16/1988,15,31,21,67
3/17/1988,26,29,17,72
3/18/1988,20,31,14,65
3/19/1988,23,26,20,69
3/20/1988,20,18,19,57
3/21/1988,19,15,23,57
3/22/1988,16,20,11,47
3/23/1988,11,38,19,68
3/24/1988,24,21,20,65
3/25/1988,19,32,15,66
3/26/1988,16,14,21,51
3/27/1988,18,19,12,49
3/28/1988,15,45,14,74
3/29/1988,24,12,11,47
3/30/1988,23,42,14,79
3/31/1988,13,24,20,57
4/1/1988,20,35,26,81
4/2/1988,11,42,19,72
4/3/1988,16,33,11,60
4/4/1988,11,30,11,52
4/5/1988,15,22,14,51
4/6/1988,30,21,14,65
4/7/1988,13,11,16,40
4/8/1988,18,19,17,54
4/9/1988,31,33,13,77
4/10/1988,13,35,13,61
4/11/1988,16,17,20,53
4/12/1988,16,27,15,58
4/13/1988,14,37,15,66
4/14/1988,31,22,8,61
4/15/1988,25,30,16,71
4/16/1988,16,40,21,77
4/17/1988,17,32,14,63
4/18/1988,14,26,20,60
4/19/1988,12,42,17,71
4/20/1988,12,39,15,66
4/21/1988,21,29,15,65
4/22/1988,18,23,7,48
4/23/1988,28,29,13,70
4/24/1988,12,27,12,51
4/25/1988,17,19,20,56
4/26/1988,11,40,12,63
4/27/1988,16,24,13,53
4/28/1988,15,24,17,56
4/29/1988,17,25,8,50
4/30/1988,16,20,10,46
5/1/1988,24,12,10,46
5/2/1988,23,12,16,51
5/3/1988,11,37,9,57
5/4/1988,20,26,23,69
5/5/1988,10,27,21,58
5/6/1988,24,29,10,63
5/7/1988,17,29,18,64
5/8/1988,19,17,14,50
5/9/1988,23,34,24,81
5/10/1988,16,21,14,51
5/11/1988,24,35,19,78
5/12/1988,24,31,19,74
5/13/1988,18,30,18,66
5/14/1988,24,19,10,53
5/15/1988,13,25,16,54
5/16/1988,17,28,13,58
5/17/1988,16,24,20,60
5/18/1988,10,35,13,58
5/19/1988,17,24,22,63
5/20/1988,17,28,17,62
5/21/1988,16,21,8,45
5/22/1988,17,38,19,74
5/23/1988,17,31,15,63
5/24/1988,20,11,19,50
5/25/1988,15,17,21,53
5/26/1988,23,25,17,65
5/27/1988,12,37,22,71
5/28/1988,15,22,8,45
5/29/1988,23,39,16,78
5/30/1988,30,16,15,61
5/31/1988,19,10,11,40
6/1/1988,19,27,19,65
6/2/1988,26,21,26,73
6/3/1988,21,23,9,53
6/4/1988,19,15,20,54
6/5/1988,15,17,16,48
6/6/1988,26,31,18,75
6/7/1988,21,34,23,78
6/8/1988,18,24,17,59
6/9/1988,22,38,17,77
6/10/1988,9,12,13,34
6/11/1988,17,25,10,52
6/12/1988,20,26,21,67
6/13/1988,14,22,20,56
6/14/1988,15,22,16,53
6/15/1988,25,22,18,65
6/16/1988,18,21,16,55
6/17/1988,16,29,23,68
6/18/1988,18,17,10,45
6/19/1988,19,30,18,67
6/20/1988,23,34,14,71
6/21/1988,19,22,11,52
6/22/1988,19,22,24,65
6/23/1988,20,24,23,67
6/24/1988,29,26,15,70
6/25/1988,16,27,21,64
6/26/1988,19,20,24,63
6/27/1988,10,15,11,36
6/28/1988,17,25,17,59
6/29/1988,17,27,13,57
6/30/1988,27,29,21,77
7/1/1988,16,23,22,61
7/2/1988,21,23,25,69
7/3/1988,26,28,24,78
7/4/1988,19,30,24,73
7/5/1988,13,35,22,70
7/6/1988,20,29,11,60
7/7/1988,17,22,18,57
7/8/1988,21,31,13,65
7/9/1988,22,35,10,67
7/10/1988,19,20,8,47
7/11/1988,14,46,10,70
7/12/1988,9,27,21,57
7/13/1988,27,30,23,80
7/14/1988,26,27,17,70
7/15/1988,24,34,11,69
7/16/1988,14,26,12,52
7/17/1988,18,16,10,44
7/18/1988,16,44,20,80
7/19/1988,25,28,20,73
7/20/1988,18,23,15,56
7/21/1988,21,20,16,57
7/22/1988,20,22,22,64
7/23/1988,18,27,22,67
7/24/1988,22,30,14,66
7/25/1988,24,25,15,64
7/26/1988,15,37,24,76
7/27/1988,17,24,11,52
7/28/1988,23,29,20,72
7/29/1988,20,29,17,66
7/30/1988,20,24,15,59
7/31/1988,14,28,23,65
8/1/1988,21,29,16,66
8/2/1988,20,21,14,55
8/3/1988,27,20,13,60
8/4/1988,25,29,20,74
8/5/1988,25,34,18,77
8/6/1988,18,27,21,66
8/7/1988,19,21,14,54
8/8/1988,21,21,11,53
8/9/1988,16,23,19,58
8/10/1988,24,21,6,51
8/11/1988,18,16,11,45
8/12/1988,11,19,18,48
8/13/1988,22,26,12,60
8/14/1988,15,25,22,62
8/15/1988,26,21,17,64
8/16/1988,25,28,14,67
8/17/1988,11,17,10,38
8/18/1988,15,34,12,61
8/19/1988,9,39,24,72
8/20/1988,28,27,15,70
8/21/1988,29,22,16,67
8/22/1988,21,36,22,79
8/23/1988,26,14,11,51
8/24/1988,20,30,13,63
8/25/1988,18,16,18,52
8/26/1988,21,42,11,74
8/27/1988,17,14,14,45
8/28/1988,16,33,24,73
8/29/1988,19,30,10,59
8/30/1988,15,30,13,58
8/31/1988,20,33,22,75
9/1/1988,21,21,17,59
9/2/1988,30,21,28,79
9/3/1988,11,24,9,44
9/4/1988,14,36,18,68
9/5/1988,21,30,18,69
9/6/1988,27,29,20,76
9/7/1988,21,27,12,60
9/8/1988,11,24,23,58
9/9/1988,25,29,21,75
9/10/1988,19,35,13,67
9/11/1988,14,28,15,57
9/12/1988,20,31,14,65
9/13/1988,21,32,13,66
9/14/1988,22,31,12,65
9/15/1988,12,31,16,59
9/16/1988,23,32,17,72
9/17/1988,13,29,18,60
9/18/1988,21,23,16,60
9/19/1988,20,38,9,67
9/20/1988,25,25,24,74
9/21/1988,19,23,10,52
9/22/1988,14,29,16,59
9/23/1988,17,29,25,71
9/24/1988,19,21,8,48
9/25/1988,24,23,10,57
9/26/1988,27,23,11,61
9/27/1988,7,16,11,34
9/28/1988,9,26,16,51
9/29/1988,25,27,18,70
9/30/1988,22,17,10,49
10/1/1988,17,38,16,71
10/2/1988,24,34,24,82
10/3/1988,19,35,22,76
10/4/1988,23,26,19,68
10/5/1988,19,35,17,71
10/6/1988,27,28,19,74
10/7/1988,20,25,18,63
10/8/1988,15,23,16,54
10/9/1988,16,37,18,71
10/10/1988,18,33,12,63
10/11/1988,18,41,16,75
10/12/1988,19,33,17,69
10/13/1988,14,26,11,51
10/14/1988,21,17,12,50
10/15/1988,14,41,17,72
10/16/1988,19,26,23,68
10/17/1988,13,20,21,54
10/18/1988,25,26,24,75
10/19/1988,17,22,13,52
10/20/1988,18,23,16,57
10/21/1988,20,19,21,60
10/22/1988,16,24,14,54
10/23/1988,16,24,8,48
10/24/1988,16,22,13,51
10/25/1988,27,16,20,63
10/26/1988,25,34,21,80
10/27/1988,22,22,21,65
10/28/1988,26,22,16,64
10/29/1988,20,29,8,57
10/30/1988,32,30,17,79
10/31/1988,17,37,22,76
11/1/1988,17,15,16,48
11/2/1988,22,17,9,48
11/3/1988,18,42,5,65
11/4/1988,13,28,7,48
11/5/1988,19,19,24,62
11/6/1988,14,13,14,41
11/7/1988,23,17,7,47
11/8/1988,20,23,23,66
11/9/1988,21,36,20,77
11/10/1988,30,17,7,54
11/11/1988,19,29,13,61
11/12/1988,24,39,21,84
11/13/1988,21,33,18,72
11/14/1988,20,37,14,71
11/15/1988,23,18,18,59
11/16/1988,17,24,15,56
11/17/1988,12,23,20,55
11/18/1988,29,39,5,73
11/19/1988,25,36,14,75
11/20/1988,14,24,18,56
11/21/1988,18,32,15,65
11/22/1988,14,13,19,46
11/23/1988,10,13,13,36
11/24/1988,30,26,11,67
11/25/1988,27,18,18,63
11/26/1988,17,29,21,67
11/27/1988,19,22,23,64
11/28/1988,19,23,12,54
11/29/1988,27,32,16,75
11/30/1988,9,31,12,52
12/1/1988,25,30,13,68
12/2/1988,25,38,18,81
12/3/1988,28,31,16,75
12/4/1988,29,23,9,61
12/5/1988,20,17,14,51
12/6/1988,23,17,18,58
12/7/1988,12,31,18,61
12/8/1988,18,18,11,47
12/9/1988,18,21,17,56
12/10/1988,22,14,23,59
12/11/1988,11,24,15,50
12/12/1988,17,32,12,61
12/13/1988,28,14,20,62
12/14/1988,21,29,19,69
12/15/1988,14,24,8,46
12/16/1988,17,37,14,68
12/17/1988,9,30,26,65
12/18/1988,17,28,13,58
12/19/1988,30,24,24,78
12/20/1988,16,26,21,63
12/21/1988,23,23,14,60
12/22/1988,25,24,14,63
12/23/1988,20,30,14,64
12/24/1988,20,44,23,87
12/25/1988,19,29,6,54
12/26/1988,14,26,15,55
12/27/1988,31,32,22,85
12/28/1988,11,32,11,54
12/29/1988,15,30,17,62
12/30/1988,25,30,16,71
12/31/1988,24,28,24,76
1/1/1989,20,37,23,80
1/2/1989,23,34,17,74
1/3/1989,19,31,22,72
1/4/1989,17,25,12,54
1/5/1989,18,22,12,52
1/6/1989,17,36,20,73
1/7/1989,16,30,23,69
1/8/1989,16,21,19,56
1/9/1989,17,32,14,63
1/10/1989,13,27,19,59
1/11/1989,22,28,14,64
1/12/1989,21,46,21,88
1/13/1989,12,23,18,53
1/14/1989,26,24,22,72
1/15/1989,24,14,11,49
1/16/1989,18,26,11,55
1/17/1989,17,17,12,46
1/18/1989,22,35,17,74
1/19/1989,27,21,24,72
1/20/1989,23,21,8,52
1/21/1989,20,30,13,63
1/22/1989,28,28,25,81
1/23/1989,22,19,18,59
1/24/1989,22,34,12,68
1/25/1989,11,18,22,51
1/26/1989,17,39,8,64
1/27/1989,24,30,26,80
1/28/1989,23,18,22,63
1/29/1989,15,27,13,55
1/30/1989,23,23,9,55
1/31/1989,13,38,14,65
2/1/1989,25,32,13,70
2/2/1989,21,44,8,73
2/3/1989,20,24,13,57
2/4/1989,14,29,16,59
2/5/1989,20,27,17,64
2/6/1989,16,35,21,72
2/7/1989,29,30,15,74
2/8/1989,15,27,14,56
2/9/1989,19,30,12,61
2/10/1989,16,28,11,55
2/11/1989,17,26,14,57
2/12/1989,12,17,25,54
2/13/1989,17,28,23,68
2/14/1989,14,20,13,47
2/15/1989,14,15,17,46
2/16/1989,12,27,23,62
2/17/1989,25,32,15,72
2/18/1989,16,20,20,56
2/19/1989,21,25,25,71
2/20/1989,23,18,20,61
2/21/1989,11,18,13,42
2/22/1989,23,39,11,73
2/23/1989,12,31,16,59
2/24/1989,15,28,20,63
2/25/1989,25,40,14,79
2/26/1989,26,17,22,65
2/27/1989,25,36,15,76
2/28/1989,22,15,14,51
3/1/1989,13,28,16,57
3/2/1989,31,24,22,77
3/3/1989,16,36,23,75
3/4/1989,21,26,16,63
3/5/1989,27,19,21,67
3/6/1989,20,24,18,62
3/7/1989,10,24,18,52
3/8/1989,26,40,19,85
3/9/1989,27,18,11,56
3/10/1989,21,27,25,73
3/11/1989,12,25,18,55
3/12/1989,13,24,12,49
3/13/1989,13,22,13,48
3/14/1989,29,34,16,79
3/15/1989,15,28,25,68
3/16/1989,13,19,23,55
3/17/1989,13,30,15,58
3/18/1989,19,22,23,64
3/19/1989,18,30,20,68
3/20/1989,15,18,15,48
3/21/1989,27,15,22,64
3/22/1989,24,28,8,60
3/23/1989,22,32,18,72
3/24/1989,26,30,17,73
3/25/1989,14,38,23,75
3/26/1989,13,24,16,53
3/27/1989,18,10,14,42
3/28/1989,12,30,13,55
3/29/1989,15,29,28,72
3/30/1989,23,28,24,75
3/31/1989,8,19,6,33
4/1/1989,18,18,17,53
4/2/1989,14,35,11,60
4/3/1989,25,31,19,75
4/4/1989,19,33,17,69
4/5/1989,14,20,12,46
4/6/1989,15,24,20,59
4/7/1989,22,35,13,70
4/8/1989,16,30,14,60
4/9/1989,21,19,7,47
4/10/1989,13,22,13,48
4/11/1989,27,17,9,53
4/12/1989,28,40,25,93
4/13/1989,20,23,13,56
4/14/1989,20,37,13,70
4/15/1989,29,39,20,88
4/16/1989,20,18,16,54
4/17/1989,23,25,20,68
4/18/1989,24,23,20,67
4/19/1989,19,34,9,62
4/20/1989,21,34,20,75
4/21/1989,21,31,14,66
4/22/1989,20,20,24,64
4/23/1989,19,26,11,56
4/24/1989,25,39,19,83
4/25/1989,23,30,7,60
4/26/1989,21,39,16,76
4/27/1989,18,25,17,60
4/28/1989,22,33,15,70
4/29/1989,18,21,18,57
4/30/1989,28,23,12,63
5/1/1989,23,26,20,69
5/2/1989,16,30,15,61
5/3/1989,24,19,18,61
5/4/1989,27,13,10,50
5/5/1989,12,24,19,55
5/6/1989,25,30,17,72
5/7/1989,20,20,21,61
5/8/1989,21,26,22,69
5/9/1989,17,44,16,77
5/10/1989,22,19,9,50
5/11/1989,20,22,8,50
5/12/1989,28,36,17,81
5/13/1989,25,20,10,55
5/14/1989,11,8,14,33
5/15/1989,12,20,12,44
5/16/1989,20,27,13,60
5/17/1989,26,36,14,76
5/18/1989,22,27,20,69
5/19/1989,21,31,15,67
5/20/1989,10,34,13,57
5/21/1989,24,28,18,70
5/22/1989,25,35,24,84
5/23/1989,24,35,12,71
5/24/1989,27,32,10,69
5/25/1989,26,25,16,67
5/26/1989,30,25,23,78
5/27/1989,19,32,8,59
5/28/1989,12,33,17,62
5/29/1989,23,42,19,84
5/30/1989,12,36,24,72
5/31/1989,23,21,23,67
6/1/1989,14,31,23,68
6/2/1989,23,23,22,68
6/3/1989,15,43,21,79
6/4/1989,24,12,10,46
6/5/1989,28,30,13,71
6/6/1989,23,17,20,60
6/7/1989,23,39,13,75
6/8/1989,14,12,10,36
6/9/1989,16,19,8,43
6/10/1989,20,41,16,77
6/11/1989,16,27,21,64
6/12/1989,17,19,20,56
6/13/1989,22,30,11,63
6/14/1989,20,38,8,66
6/15/1989,11,30,10,51
6/16/1989,14,23,17,54
6/17/1989,33,14,22,69
6/18/1989,16,22,18,56
6/19/1989,20,21,15,56
6/20/1989,17,21,19,57
6/21/1989,18,32,20,70
6/22/1989,17,24,19,60
6/23/1989,21,23,7,51
6/24/1989,16,40,16,72
6/25/1989,13,28,12,53
6/26/1989,20,24,21,65
6/27/1989,21,29,11,61
6/28/1989,18,31,16,65
6/29/1989,13,28,20,61
6/30/1989,31,25,7,63
7/1/1989,12,32,11,55
7/2/1989,27,19,12,58
7/3/1989,15,34,14,63
7/4/1989,14,36,16,66
7/5/1989,25,35,15,75
7/6/1989,20,33,11,64
7/7/1989,17,31,7,55
7/8/1989,25,27,27,79
7/9/1989,10,18,22,50
7/10/1989,24,34,24,82
7/11/1989,13,21,13,47
7/12/1989,17,26,18,61
7/13/1989,18,10,24,52
7/14/1989,21,24,12,57
7/15/1989,13,36,17,66
7/16/1989,17,17,11,45
7/17/1989,15,29,11,55
7/18/1989,15,40,16,71
7/19/1989,19,38,22,79
7/20/1989,23,13,6,42
7/21/1989,21,23,23,67
7/22/1989,23,37,20,80
7/23/1989,16,22,17,55
7/24/1989,12,26,16,54
7/25/1989,24,24,15,63
7/26/1989,17,36,19,72
7/27/1989,13,27,12,52
7/28/1989,15,29,14,58
7/29/1989,15,33,12,60
7/30/1989,15,25,16,56
7/31/1989,24,21,20,65
8/1/1989,25,27,13,65
8/2/1989,14,30,11,55
8/3/1989,23,17,15,55
8/4/1989,22,26,5,53
8/5/1989,17,36,16,69
8/6/1989,11,30,23,64
8/7/1989,22,17,16,55
8/8/1989,23,23,23,69
8/9/1989,24,38,12,74
8/10/1989,26,35,19,80
8/11/1989,23,23,16,62
8/12/1989,9,23,13,45
8/13/1989,15,19,21,55
8/14/1989,12,34,15,61
8/15/1989,21,16,17,54
8/16/1989,18,27,19,64
8/17/1989,13,17,22,52
8/18/1989,20,32,13,65
8/19/1989,15,36,24,75
8/20/1989,15,40,14,69
8/21/1989,21,27,15,63
8/22/1989,25,18,17,60
8/23/1989,21,27,17,65
8/24/1989,27,25,19,71
8/25/1989,25,32,19,76
8/26/1989,24,16,8,48
8/27/1989,23,26,21,70
8/28/1989,24,20,18,62
8/29/1989,24,25,12,61
8/30/1989,19,21,19,59
8/31/1989,28,16,16,60
9/1/1989,18,22,17,57
9/2/1989,18,30,20,68
9/3/1989,22,25,16,63
9/4/1989,19,25,21,65
9/5/1989,15,35,11,61
9/6/1989,16,21,4,41
9/7/1989,17,35,19,71
9/8/1989,17,26,17,60
9/9/1989,21,36,15,72
9/10/1989,16,35,29,80
9/11/1989,13,33,23,69
9/12/1989,20,27,17,64
9/13/1989,19,28,16,63
9/14/1989,28,28,19,75
9/15/1989,23,38,14,75
9/16/1989,26,18,18,62
9/17/1989,27,40,15,82
9/18/1989,21,13,13,47
9/19/1989,19,28,15,62
9/20/1989,29,16,25,70
9/21/1989,21,33,15,69
9/22/1989,27,31,14,72
9/23/1989,14,29,12,55
9/24/1989,14,36,18,68
9/25/1989,28,19,18,65
9/26/1989,19,24,16,59
9/27/1989,21,23,11,55
9/28/1989,22,27,17,66
9/29/1989,32,28,15,75
9/30/1989,19,30,19,68
10/1/1989,29,19,12,60
10/2/1989,22,39,20,81
10/3/1989,30,26,16,72
10/4/1989,28,24,26,78
10/5/1989,21,36,12,69
10/6/1989,28,25,6,59
10/7/1989,8,20,24,52
10/8/1989,16,33,18,67
10/9/1989,20,30,18,68
10/10/1989,22,35,12,69
10/11/1989,24,15,20,59
10/12/1989,17,26,19,62
10/13/1989,23,30,24,77
10/14/1989,27,25,18,70
10/15/1989,12,33,20,65
10/16/1989,24,42,12,78
10/17/1989,20,21,23,64
10/18/1989,17,28,20,65
10/19/1989,25,29,16,70
10/20/1989,24,23,27,74
10/21/1989,22,20,11,53
10/22/1989,24,32,13,69
10/23/1989,13,33,9,55
10/24/1989,23,28,19,70
10/25/1989,14,22,11,47
10/26/1989,25,31,15,71
10/27/1989,15,29,15,59
10/28/1989,25,20,20,65
10/29/1989,30,41,24,95
10/30/1989,28,39,21,88
10/31/1989,21,21,16,58
11/1/1989,20,37,14,71
11/2/1989,25,30,21,76
11/3/1989,22,21,14,57
11/4/1989,23,20,27,70
11/5/1989,23,20,7,50
11/6/1989,16,27,21,64
11/7/1989,22,20,16,58
11/8/1989,20,21,17,58
11/9/1989,9,17,13,39
11/10/1989,30,32,13,75
11/11/1989,23,22,20,65
11/12/1989,20,33,12,65
11/13/1989,23,30,19,72
11/14/1989,23,20,11,54
11/15/1989,18,18,22,58
11/16/1989,22,31,13,66
11/17/1989,11,14,22,47
11/18/1989,26,26,20,72
11/19/1989,19,17,20,56
11/20/1989,30,33,10,73
11/21/1989,23,24,16,63
11/22/1989,21,33,14,68
11/23/1989,29,29,26,84
11/24/1989,17,23,21,61
11/25/1989,24,19,12,55
11/26/1989,28,26,17,71
11/27/1989,17,34,17,68
11/28/1989,13,34,18,65
11/29/1989,22,34,19,75
11/30/1989,17,26,9,52
12/1/1989,29,36,23,88
12/2/1989,22,13,21,56
12/3/1989,14,31,16,61
12/4/1989,20,20,17,57
12/5/1989,13,39,19,71
12/6/1989,9,21,17,47
12/7/1989,20,30,23,73
12/8/1989,21,36,19,76
12/9/1989,13,14,25,52
12/10/1989,11,33,15,59
12/11/1989,17,27,14,58
12/12/1989,16,28,6,50
12/13/1989,8,40,17,65
12/14/1989,18,36,24,78
12/15/1989,20,34,17,71
12/16/1989,28,19,17,64
12/17/1989,23,43,20,86
12/18/1989,18,30,15,63
12/19/1989,14,33,11,58
12/20/1989,19,24,16,59
12/21/1989,20,18,24,62
12/22/1989,26,35,14,75
12/23/1989,21,39,17,77
12/24/1989,8,31,21,60
12/25/1989,22,17,11,50
12/26/1989,22,25,8,55
12/27/1989,21,15,17,53
12/28/1989,18,29,8,55
12/29/1989,25,23,10,58
12/30/1989,18,27,15,60
12/31/1989,10,20,16,46
1/1/1990,20,27,20,67
1/2/1990,19,32,18,69
1/3/1990,12,28,16,56
1/4/1990,28,23,11,62
1/5/1990,24,36,15,75
1/6/1990,28,29,11,68
1/7/1990,24,43,18,85
1/8/1990,29,29,22,80
1/9/1990,13,23,25,61
1/10/1990,21,39,15,75
1/11/1990,19,17,12,48
1/12/1990,28,28,10,66
1/13/1990,23,16,18,57
1/14/1990,28,27,15,70
1/15/1990,28,30,16,74
1/16/1990,22,27,15,64
1/17/1990,19,19,19,57
1/18/1990,26,32,11,69
1/19/1990,19,28,10,57
1/20/1990,18,25,17,60
1/21/1990,17,23,29,69
1/22/1990,21,27,17,65
1/23/1990,21,12,15,48
1/24/1990,20,22,21,63
1/25/1990,16,13,16,45
1/26/1990,24,17,16,57
1/27/1990,21,28,13,62
1/28/1990,21,27,19,67
1/29/1990,22,23,8,53
1/30/1990,20,40,5,65
1/31/1990,16,27,15,58
2/1/1990,21,22,13,56
2/2/1990,19,19,19,57
2/3/1990,23,31,20,74
2/4/1990,10,30,24,64
2/5/1990,15,25,22,62
2/6/1990,14,21,21,56
2/7/1990,7,35,15,57
2/8/1990,10,31,18,59
2/9/1990,26,45,11,82
2/10/1990,17,17,24,58
2/11/1990,26,19,25,70
2/12/1990,14,18,19,51
2/13/1990,27,18,16,61
2/14/1990,16,16,20,52
2/15/1990,19,38,11,68
2/16/1990,26,34,13,73
2/17/1990,19,42,20,81
2/18/1990,22,40,15,77
2/19/1990,17,35,20,72
2/20/1990,23,27,21,71
2/21/1990,20,13,13,46
2/22/1990,16,37,11,64
2/23/1990,23,29,20,72
2/24/1990,21,13,20,54
2/25/1990,28,27,15,70
2/26/1990,17,24,13,54
2/27/1990,11,27,15,53
2/28/1990,23,42,16,81
3/1/1990,22,23,23,68
3/2/1990,22,30,20,72
3/3/1990,11,25,16,52
3/4/1990,26,19,18,63
3/5/1990,21,12,15,48
3/6/1990,21,30,17,68
3/7/1990,9,17,13,39
3/8/1990,20,43,21,84
3/9/1990,15,29,24,68
3/10/1990,28,35,12,75
3/11/1990,16,24,17,57
3/12/1990,19,30,20,69
3/13/1990,21,20,19,60
3/14/1990,17,38,13,68
3/15/1990,23,40,16,79
3/16/1990,23,21,17,61
3/17/1990,17,23,17,57
3/18/1990,19,34,15,68
3/19/1990,24,14,22,60
3/20/1990,21,27,17,65
3/21/1990,24,25,14,63
3/22/1990,23,28,22,73
3/23/1990,23,34,19,76
3/24/1990,21,21,12,54
3/25/1990,24,15,12,51
3/26/1990,17,30,19,66
3/27/1990,12,30,18,60
3/28/1990,21,32,13,66
3/29/1990,21,28,16,65
3/30/1990,22,24,19,65
3/31/1990,21,34,9,64
4/1/1990,22,27,12,61
4/2/1990,11,18,19,48
4/3/1990,22,36,11,69
4/4/1990,22,30,10,62
4/5/1990,16,28,10,54
4/6/1990,19,16,17,52
4/7/1990,20,36,13,69
4/8/1990,25,24,13,62
4/9/1990,14,31,23,68
4/10/1990,26,18,15,59
4/11/1990,13,12,15,40
4/12/1990,11,27,16,54
4/13/1990,25,31,16,72
4/14/1990,17,19,16,52
4/15/1990,18,22,16,56
4/16/1990,26,28,22,76
4/17/1990,20,15,20,55
4/18/1990,11,25,23,59
4/19/1990,15,30,23,68
4/20/1990,24,29,14,67
4/21/1990,12,19,16,47
4/22/1990,21,25,21,67
4/23/1990,18,39,16,73
4/24/1990,24,31,22,77
4/25/1990,19,18,11,48
4/26/1990,20,33,14,67
4/27/1990,11,26,8,45
4/28/1990,17,23,21,61
4/29/1990,20,26,14,60
4/30/1990,20,28,18,66
5/1/1990,18,22,21,61
5/2/1990,24,25,20,69
5/3/1990,29,12,23,64
5/4/1990,10,31,13,54
5/5/1990,24,35,13,72
5/6/1990,12,19,13,44
5/7/1990,23,24,9,56
5/8/1990,19,30,22,71
5/9/1990,17,29,15,61
5/10/1990,21,32,13,66
5/11/1990,19,34,9,62
5/12/1990,18,33,22,73
5/13/1990,17,18,27,62
5/14/1990,10,42,19,71
5/15/1990,12,27,22,61
5/16/1990,26,29,12,67
5/17/1990,15,16,8,39
5/18/1990,27,25,19,71
5/19/1990,16,43,9,68
5/20/1990,9,30,24,63
5/21/1990,18,27,12,57
5/22/1990,15,40,20,75
5/23/1990,28,24,15,67
5/24/1990,16,13,10,39
5/25/1990,21,26,18,65
5/26/1990,14,26,20,60
5/27/1990,18,24,21,63
5/28/1990,16,24,14,54
5/29/1990,14,41,15,70
5/30/1990,22,22,9,53
5/31/1990,18,23,16,57
6/1/1990,20,21,11,52
6/2/1990,17,14,12,43
6/3/1990,14,27,12,53
6/4/1990,17,28,24,69
6/5/1990,10,41,12,63
6/6/1990,24,28,8,60
6/7/1990,25,32,15,72
6/8/1990,22,26,19,67
6/9/1990,22,31,19,72
6/10/1990,22,39,11,72
6/11/1990,24,38,13,75
6/12/1990,18,34,14,66
6/13/1990,25,31,19,75
6/14/1990,10,24,16,50
6/15/1990,15,38,13,66
6/16/1990,22,20,24,66
6/17/1990,22,19,21,62
6/18/1990,30,35,27,92
6/19/1990,13,31,17,61
6/20/1990,9,23,17,49
6/21/1990,10,31,14,55
6/22/1990,15,25,10,50
6/23/1990,20,23,16,59
6/24/1990,19,32,19,70
6/25/1990,27,17,10,54
6/26/1990,12,34,18,64
6/27/1990,24,27,17,68
6/28/1990,18,45,14,77
6/29/1990,19,23,8,50
6/30/1990,16,12,14,42
7/1/1990,29,35,12,76
7/2/1990,18,27,14,59
7/3/1990,19,15,13,47
7/4/1990,11,25,15,51
7/5/1990,25,21,26,72
7/6/1990,20,28,18,66
7/7/1990,19,33,11,63
7/8/1990,23,42,12,77
7/9/1990,23,31,25,79
7/10/1990,9,28,19,56
7/11/1990,26,37,22,85
7/12/1990,16,22,13,51
7/13/1990,18,24,17,59
7/14/1990,14,14,15,43
7/15/1990,18,31,21,70
7/16/1990,23,11,18,52
7/17/1990,15,24,11,50
7/18/1990,20,24,24,68
7/19/1990,9,23,25,57
7/20/1990,14,13,15,42
7/21/1990,19,34,25,78
7/22/1990,14,16,19,49
7/23/1990,12,12,19,43
7/24/1990,11,19,24,54
7/25/1990,10,24,17,51
7/26/1990,19,28,8,55
7/27/1990,16,29,7,52
7/28/1990,15,33,22,70
7/29/1990,19,20,13,52
7/30/1990,17,33,17,67
7/31/1990,28,27,18,73
8/1/1990,28,40,18,86
8/2/1990,16,37,11,64
8/3/1990,29,31,15,75
8/4/1990,19,25,7,51
8/5/1990,12,26,18,56
8/6/1990,24,29,7,60
8/7/1990,23,33,19,75
8/8/1990,23,35,14,72
8/9/1990,17,21,25,63
8/10/1990,23,31,12,66
8/11/1990,14,35,25,74
8/12/1990,23,16,19,58
8/13/1990,25,23,22,70
8/14/1990,17,29,19,65
8/15/1990,22,32,14,68
8/16/1990,12,23,24,59
8/17/1990,19,19,12,50
8/18/1990,21,22,25,68
8/19/1990,21,24,10,55
8/20/1990,24,32,17,73
8/21/1990,24,23,23,70
8/22/1990,8,23,8,39
8/23/1990,32,26,18,76
8/24/1990,14,23,10,47
8/25/1990,16,22,8,46
8/26/1990,14,15,15,44
8/27/1990,18,25,13,56
8/28/1990,20,33,18,71
8/29/1990,23,34,18,75
8/30/1990,10,48,17,75
8/31/1990,22,39,11,72
9/1/1990,16,38,14,68
9/2/1990,14,29,13,56
9/3/1990,16,30,18,64
9/4/1990,16,22,18,56
9/5/1990,14,28,19,61
9/6/1990,17,24,13,54
9/7/1990,21,30,14,65
9/8/1990,28,26,17,71
9/9/1990,19,14,18,51
9/10/1990,15,34,20,69
9/11/1990,21,18,11,50
9/12/1990,24,32,19,75
9/13/1990,28,28,15,71
9/14/1990,17,33,22,72
9/15/1990,21,18,21,60
9/16/1990,13,15,10,38
9/17/1990,16,35,19,70
9/18/1990,13,45,16,74
9/19/1990,11,27,22,60
9/20/1990,21,27,9,57
9/21/1990,21,31,27,79
9/22/1990,15,20,20,55
9/23/1990,21,30,24,75
9/24/1990,20,23,22,65
9/25/1990,20,20,16,56
9/26/1990,30,18,20,68
9/27/1990,18,21,14,53
9/28/1990,13,40,14,67
9/29/1990,19,37,17,73
9/30/1990,18,33,7,58
10/1/1990,8,30,15,53
10/2/1990,17,21,15,53
10/3/1990,19,19,13,51
10/4/1990,25,26,14,65
10/5/1990,26,29,17,72
10/6/1990,22,36,9,67
10/7/1990,17,26,15,58
10/8/1990,26,36,15,77
10/9/1990,27,21,22,70
10/10/1990,26,24,17,67
10/11/1990,16,29,12,57
10/12/1990,13,29,15,57
10/13/1990,16,30,19,65
10/14/1990,20,18,13,51
10/15/1990,15,38,14,67
10/16/1990,17,27,17,61
10/17/1990,9,16,18,43
10/18/1990,17,42,18,77
10/19/1990,14,25,10,49
10/20/1990,18,34,21,73
10/21/1990,10,29,15,54
10/22/1990,19,27,15,61
10/23/1990,23,25,24,72
10/24/1990,26,22,23,71
10/25/1990,19,28,14,61
10/26/1990,21,19,12,52
10/27/1990,26,30,14,70
10/28/1990,23,16,22,61
10/29/1990,33,18,16,67
10/30/1990,22,34,12,68
10/31/1990,13,12,22,47
11/1/1990,11,26,23,60
11/2/1990,17,26,24,67
11/3/1990,10,27,23,60
11/4/1990,18,24,13,55
11/5/1990,10,31,22,63
11/6/1990,23,33,20,76
11/7/1990,16,20,9,45
11/8/1990,23,32,12,67
11/9/1990,21,37,24,82
11/10/1990,16,38,22,76
11/11/1990,21,21,15,57
11/12/1990,23,33,12,68
11/13/1990,20,22,25,67
11/14/1990,17,29,16,62
11/15/1990,17,31,27,75
11/16/1990,14,33,18,65
11/17/1990,20,34,12,66
11/18/1990,23,26,13,62
11/19/1990,22,28,22,72
11/20/1990,23,46,21,90
11/21/1990,19,22,11,52
11/22/1990,11,32,23,66
11/23/1990,12,28,22,62
11/24/1990,20,28,6,54
11/25/1990,14,17,22,53
11/26/1990,18,33,14,65
11/27/1990,16,24,11,51
11/28/1990,13,40,20,73
11/29/1990,14,35,16,65
11/30/1990,15,32,12,59
12/1/1990,10,37,20,67
12/2/1990,24,32,19,75
12/3/1990,8,31,12,51
12/4/1990,19,33,25,77
12/5/1990,21,16,15,52
12/6/1990,11,19,14,44
12/7/1990,19,13,17,49
12/8/1990,22,7,24,53
12/9/1990,20,24,12,56
12/10/1990,14,26,14,54
12/11/1990,26,37,16,79
12/12/1990,14,28,13,55
12/13/1990,25,40,6,71
12/14/1990,15,24,22,61
12/15/1990,22,36,21,79
12/16/1990,32,30,18,80
12/17/1990,15,39,18,72
12/18/1990,27,22,10,59
12/19/1990,19,27,21,67
12/20/1990,17,26,17,60
12/21/1990,33,25,19,77
12/22/1990,24,26,25,75
12/23/1990,21,32,22,75
12/24/1990,22,35,12,69
12/25/1990,22,25,13,60
12/26/1990,15,35,15,65
12/27/1990,25,24,26,75
12/28/1990,27,25,24,76
12/29/1990,31,34,6,71
12/30/1990,23,26,15,64
12/31/1990,13,16,14,43
1/1/1991,24,23,5,52
1/2/1991,28,25,13,66
1/3/1991,26,31,15,72
1/4/1991,19,32,17,68
1/5/1991,28,28,20,76
1/6/1991,14,9,10,33
1/7/1991,26,30,15,71
1/8/1991,19,25,15,59
1/9/1991,10,31,15,56
1/10/1991,15,20,12,47
1/11/1991,30,16,10,56
1/12/1991,24,32,11,67
1/13/1991,24,33,27,84
1/14/1991,18,13,22,53
1/15/1991,27,23,14,64
1/16/1991,17,23,22,62
1/17/1991,18,28,8,54
1/18/1991,25,17,17,59
1/19/1991,22,25,7,54
1/20/1991,15,17,17,49
1/21/1991,17,34,21,72
1/22/1991,15,14,20,49
1/23/1991,16,35,12,63
1/24/1991,21,10,10,41
1/25/1991,27,22,20,69
1/26/1991,18,40,12,70
1/27/1991,14,22,16,52
1/28/1991,14,25,17,56
1/29/1991,17,22,18,57
1/30/1991,27,32,21,80
1/31/1991,20,38,16,74
2/1/1991,26,18,11,55
2/2/1991,18,38,26,82
2/3/1991,22,29,14,65
2/4/1991,25,32,23,80
2/5/1991,12,34,18,64
2/6/1991,14,32,23,69
2/7/1991,23,39,5,67
2/8/1991,17,16,20,53
2/9/1991,17,21,9,47
2/10/1991,20,17,23,60
2/11/1991,25,22,12,59
2/12/1991,30,19,18,67
2/13/1991,18,20,19,57
2/14/1991,23,25,11,59
2/15/1991,28,16,22,66
2/16/1991,20,22,18,60
2/17/1991,26,36,22,84
2/18/1991,25,31,8,64
2/19/1991,13,26,17,56
2/20/1991,21,20,23,64
2/21/1991,27,27,15,69
2/22/1991,19,21,16,56
2/23/1991,21,41,27,89
2/24/1991,24,36,11,71
2/25/1991,16,23,22,61
2/26/1991,17,21,22,60
2/27/1991,16,38,15,69
2/28/1991,18,40,17,75
3/1/1991,18,33,17,68
3/2/1991,23,32,26,81
3/3/1991,16,20,13,49
3/4/1991,17,24,21,62
3/5/1991,22,39,12,73
3/6/1991,11,22,11,44
3/7/1991,12,19,15,46
3/8/1991,24,31,15,70
3/9/1991,21,32,9,62
3/10/1991,16,25,21,62
3/11/1991,12,30,12,54
3/12/1991,21,34,13,68
3/13/1991,12,39,21,72
3/14/1991,23,37,18,78
3/15/1991,14,25,18,57
3/16/1991,23,13,16,52
3/17/1991,18,30,16,64
3/18/1991,29,38,15,82
3/19/1991,29,12,13,54
3/20/1991,21,38,22,81
3/21/1991,14,31,16,61
3/22/1991,17,30,13,60
3/23/1991,24,35,23,82
3/24/1991,21,26,18,65
3/25/1991,24,12,25,61
3/26/1991,14,25,14,53
3/27/1991,18,37,12,67
3/28/1991,14,30,24,68
3/29/1991,10,23,18,51
3/30/1991,21,25,22,68
3/31/1991,27,40,14,81
4/1/1991,21,31,20,72
4/2/1991,30,25,23,78
4/3/1991,18,23,22,63
4/4/1991,25,23,22,70
4/5/1991,24,26,10,60
4/6/1991,22,30,19,71
4/7/1991,17,42,13,72
4/8/1991,15,29,19,63
4/9/1991,25,28,12,65
4/10/1991,18,26,14,58
4/11/1991,18,39,11,68
4/12/1991,15,34,13,62
4/13/1991,13,34,16,63
4/14/1991,15,40,15,70
4/15/1991,20,19,20,59
4/16/1991,30,30,25,85
4/17/1991,19,25,25,69
4/18/1991,23,20,16,59
4/19/1991,15,33,25,73
4/20/1991,30,34,10,74
4/21/1991,15,30,20,65
4/22/1991,21,36,15,72
4/23/1991,25,15,25,65
4/24/1991,16,36,23,75
4/25/1991,16,33,16,65
4/26/1991,22,27,18,67
4/27/1991,29,24,25,78
4/28/1991,17,20,14,51
4/29/1991,21,21,18,60
4/30/1991,22,31,18,71
5/1/1991,22,29,12,63
5/2/1991,19,28,19,66
5/3/1991,25,23,10,58
5/4/1991,16,22,10,48
5/5/1991,25,41,11,77
5/6/1991,9,30,17,56
5/7/1991,20,22,16,58
5/8/1991,24,28,24,76
5/9/1991,16,32,20,68
5/10/1991,26,31,14,71
5/11/1991,23,38,12,73
5/12/1991,17,24,25,66
5/13/1991,19,28,14,61
5/14/1991,15,29,10,54
5/15/1991,24,28,22,74
5/16/1991,25,31,13,69
5/17/1991,20,25,14,59
5/18/1991,23,43,14,80
5/19/1991,15,29,13,57
5/20/1991,13,26,15,54
5/21/1991,21,18,13,52
5/22/1991,23,42,23,88
5/23/1991,18,42,25,85
5/24/1991,22,33,8,63
5/25/1991,18,25,13,56
5/26/1991,23,34,10,67
5/27/1991,12,21,13,46
5/28/1991,27,20,14,61
5/29/1991,19,37,24,80
5/30/1991,23,18,11,52
5/31/1991,16,18,21,55
6/1/1991,20,33,17,70
6/2/1991,18,28,15,61
6/3/1991,13,26,20,59
6/4/1991,30,26,22,78
6/5/1991,13,30,7,50
6/6/1991,12,35,6,53
6/7/1991,21,24,18,63
6/8/1991,15,25,19,59
6/9/1991,20,25,16,61
6/10/1991,28,32,16,76
6/11/1991,27,30,7,64
6/12/1991,25,20,24,69
6/13/1991,18,20,10,48
6/14/1991,13,15,12,40
6/15/1991,22,21,25,68
6/16/1991,14,30,20,64
6/17/1991,15,24,14,53
6/18/1991,18,27,21,66
6/19/1991,25,37,23,85
6/20/1991,20,22,7,49
6/21/1991,24,36,20,80
6/22/1991,26,41,12,79
6/23/1991,26,30,11,67
6/24/1991,11,26,17,54
6/25/1991,20,25,17,62
6/26/1991,19,23,18,60
6/27/1991,13,20,23,56
6/28/1991,21,20,9,50
6/29/1991,13,25,20,58
6/30/1991,18,29,17,64
7/1/1991,21,36,17,74
7/2/1991,13,24,13,50
7/3/1991,19,36,10,65
7/4/1991,30,28,9,67
7/5/1991,27,45,24,96
7/6/1991,26,26,24,76
7/7/1991,16,18,29,63
7/8/1991,21,38,16,75
7/9/1991,28,24,24,76
7/10/1991,32,30,21,83
7/11/1991,13,24,14,51
7/12/1991,21,29,13,63
7/13/1991,23,26,20,69
7/14/1991,22,24,19,65
7/15/1991,25,28,13,66
7/16/1991,15,32,8,55
7/17/1991,20,25,18,63
7/18/1991,13,19,19,51
7/19/1991,19,30,14,63
7/20/1991,29,37,16,82
7/21/1991,22,23,15,60
7/22/1991,19,37,23,79
7/23/1991,23,21,19,63
7/24/1991,17,31,27,75
7/25/1991,30,25,19,74
7/26/1991,14,25,22,61
7/27/1991,20,22,17,59
7/28/1991,25,15,18,58
7/29/1991,29,8,23,60
7/30/1991,20,40,19,79
7/31/1991,25,27,25,77
8/1/1991,10,17,14,41
8/2/1991,23,32,8,63
8/3/1991,19,26,19,64
8/4/1991,17,30,11,58
8/5/1991,25,12,25,62
8/6/1991,18,27,22,67
8/7/1991,14,24,7,45
8/8/1991,17,21,22,60
8/9/1991,18,22,18,58
8/10/1991,22,26,16,64
8/11/1991,17,21,8,46
8/12/1991,16,38,8,62
8/13/1991,10,36,21,67
8/14/1991,15,18,24,57
8/15/1991,13,19,21,53
8/16/1991,23,25,24,72
8/17/1991,17,28,13,58
8/18/1991,16,27,20,63
8/19/1991,12,32,22,66
8/20/1991,19,31,12,62
8/21/1991,15,34,16,65
8/22/1991,14,22,11,47
8/23/1991,17,26,15,58
8/24/1991,19,33,17,69
8/25/1991,21,31,12,64
8/26/1991,12,30,15,57
8/27/1991,16,21,19,56
8/28/1991,13,36,22,71
8/29/1991,18,20,15,53
8/30/1991,8,28,28,64
8/31/1991,20,24,17,61
9/1/1991,20,22,20,62
9/2/1991,17,36,10,63
9/3/1991,27,39,13,79
9/4/1991,24,23,7,54
9/5/1991,17,30,13,60
9/6/1991,18,31,15,64
9/7/1991,26,23,12,61
9/8/1991,22,22,26,70
9/9/1991,21,17,16,54
9/10/1991,22,33,19,74
9/11/1991,15,25,14,54
9/12/1991,17,21,21,59
9/13/1991,15,23,22,60
9/14/1991,22,22,22,66
9/15/1991,9,31,13,53
9/16/1991,19,21,16,56
9/17/1991,21,29,17,67
9/18/1991,19,28,17,64
9/19/1991,31,10,11,52
9/20/1991,12,39,17,68
9/21/1991,19,26,18,63
9/22/1991,23,35,18,76
9/23/1991,18,43,15,76
9/24/1991,15,13,25,53
9/25/1991,23,28,20,71
9/26/1991,17,37,26,80
9/27/1991,21,18,20,59
9/28/1991,27,9,19,55
9/29/1991,11,20,19,50
9/30/1991,17,28,19,64
10/1/1991,20,29,20,69
10/2/1991,24,40,25,89
10/3/1991,22,28,14,64
10/4/1991,11,25,21,57
10/5/1991,28,25,16,69
10/6/1991,25,30,18,73
10/7/1991,17,31,16,64
10/8/1991,14,13,9,36
10/9/1991,15,35,22,72
10/10/1991,30,13,11,54
10/11/1991,14,22,16,52
10/12/1991,16,35,22,73
10/13/1991,20,31,18,69
10/14/1991,23,29,22,74
10/15/1991,19,23,23,65
10/16/1991,14,41,15,70
10/17/1991,15,32,10,57
10/18/1991,28,27,14,69
10/19/1991,18,25,7,50
10/20/1991,11,43,15,69
10/21/1991,8,32,11,51
10/22/1991,12,37,18,67
10/23/1991,16,28,11,55
10/24/1991,14,31,19,64
10/25/1991,15,36,20,71
10/26/1991,30,32,23,85
10/27/1991,15,40,11,66
10/28/1991,20,30,16,66
10/29/1991,16,34,17,67
10/30/1991,23,14,13,50
10/31/1991,25,16,12,53
11/1/1991,14,37,18,69
11/2/1991,19,18,18,55
11/3/1991,16,13,11,40
11/4/1991,16,28,14,58
11/5/1991,11,35,9,55
11/6/1991,23,34,19,76
11/7/1991,19,35,23,77
11/8/1991,22,36,14,72
11/9/1991,23,24,23,70
11/10/1991,18,32,22,72
11/11/1991,19,20,23,62
11/12/1991,8,30,16,54
11/13/1991,13,16,20,49
11/14/1991,18,10,9,37
11/15/1991,10,21,15,46
11/16/1991,9,32,26,67
11/17/1991,21,26,18,65
11/18/1991,28,26,21,75
11/19/1991,15,39,13,67
11/20/1991,19,32,25,76
11/21/1991,23,9,16,48
11/22/1991,23,27,9,59
11/23/1991,18,20,12,50
11/24/1991,23,23,14,60
11/25/1991,22,29,12,63
11/26/1991,20,24,20,64
11/27/1991,26,28,22,76
11/28/1991,20,36,19,75
11/29/1991,12,37,18,67
11/30/1991,17,20,8,45
12/1/1991,22,14,20,56
12/2/1991,14,29,14,57
12/3/1991,20,28,10,58
12/4/1991,13,27,18,58
12/5/1991,20,23,19,62
12/6/1991,25,18,12,55
12/7/1991,19,34,16,69
12/8/1991,16,31,10,57
12/9/1991,25,31,21,77
12/10/1991,24,15,17,56
12/11/1991,11,12,18,41
12/12/1991,20,27,12,59
12/13/1991,20,36,18,74
12/14/1991,21,25,10,56
12/15/1991,20,26,14,60
12/16/1991,26,23,12,61
12/17/1991,18,11,20,49
12/18/1991,17,25,14,56
12/19/1991,18,23,19,60
12/20/1991,17,22,9,48
12/21/1991,12,36,20,68
12/22/1991,23,20,25,68
12/23/1991,23,20,15,58
12/24/1991,14,23,20,57
12/25/1991,24,43,13,80
12/26/1991,15,25,20,60
12/27/1991,26,28,22,76
12/28/1991,16,35,16,67
12/29/1991,19,17,17,53
12/30/1991,28,43,18,89
12/31/1991,20,39,14,73
1/1/1992,28,14,26,68
1/2/1992,9,36,12,57
1/3/1992,17,13,13,43
1/4/1992,22,24,18,64
1/5/1992,15,33,16,64
1/6/1992,21,15,9,45
1/7/1992,20,27,18,65
1/8/1992,29,43,14,86
1/9/1992,19,17,10,46
1/10/1992,14,35,10,59
1/11/1992,13,17,11,41
1/12/1992,19,21,15,55
1/13/1992,19,14,21,54
1/14/1992,19,22,14,55
1/15/1992,24,28,20,72
1/16/1992,7,25,5,37
1/17/1992,16,22,8,46
1/18/1992,18,35,13,66
1/19/1992,21,33,22,76
1/20/1992,27,30,17,74
1/21/1992,22,27,16,65
1/22/1992,16,16,6,38
1/23/1992,18,31,20,69
1/24/1992,22,30,15,67
1/25/1992,12,26,21,59
1/26/1992,28,42,22,92
1/27/1992,32,31,19,82
1/28/1992,18,33,24,75
1/29/1992,11,16,10,37
1/30/1992,28,22,17,67
1/31/1992,21,32,20,73
2/1/1992,21,27,8,56
2/2/1992,27,24,17,68
2/3/1992,17,30,11,58
2/4/1992,15,42,9,66
2/5/1992,24,29,12,65
2/6/1992,15,24,21,60
2/7/1992,16,19,13,48
2/8/1992,15,34,18,67
2/9/1992,32,28,9,69
2/10/1992,19,23,15,57
2/11/1992,26,25,18,69
2/12/1992,23,34,22,79
2/13/1992,18,33,18,69
2/14/1992,27,22,18,67
2/15/1992,24,19,12,55
2/16/1992,24,25,19,68
2/17/1992,20,18,14,52
2/18/1992,24,38,8,70
2/19/1992,24,28,13,65
2/20/1992,21,33,9,63
2/21/1992,28,32,23,83
2/22/1992,17,26,19,62
2/23/1992,18,16,14,48
2/24/1992,14,33,18,65
2/25/1992,18,22,14,54
2/26/1992,13,31,10,54
2/27/1992,22,27,24,73
2/28/1992,8,33,17,58
2/29/1992,25,39,13,77
3/1/1992,19,22,19,60
3/2/1992,23,16,6,45
3/3/1992,17,19,22,58
3/4/1992,21,38,14,73
3/5/1992,26,31,11,68
3/6/1992,20,21,22,63
3/7/1992,15,36,19,70
3/8/1992,7,23,16,46
3/9/1992,24,30,10,64
3/10/1992,22,22,15,59
3/11/1992,16,25,12,53
3/12/1992,19,26,18,63
3/13/1992,20,26,21,67
3/14/1992,28,16,14,58
3/15/1992,15,30,6,51
3/16/1992,17,20,21,58
3/17/1992,17,26,20,63
3/18/1992,17,30,5,52
3/19/1992,19,21,12,52
3/20/1992,19,27,9,55
3/21/1992,18,33,11,62
3/22/1992,23,29,21,73
3/23/1992,27,26,12,65
3/24/1992,21,27,18,66
3/25/1992,8,18,10,36
3/26/1992,18,24,14,56
3/27/1992,26,35,21,82
3/28/1992,13,33,11,57
3/29/1992,24,37,18,79
3/30/1992,24,40,21,85
3/31/1992,24,18,10,52
4/1/1992,22,40,16,78
4/2/1992,18,15,17,50
4/3/1992,22,19,23,64
4/4/1992,13,30,24,67
4/5/1992,15,28,17,60
4/6/1992,27,19,8,54
4/7/1992,12,22,11,45
4/8/1992,16,26,18,60
4/9/1992,20,24,18,62
4/10/1992,13,24,14,51
4/11/1992,24,8,24,56
4/12/1992,18,41,25,84
4/13/1992,19,39,20,78
4/14/1992,19,28,16,63
4/15/1992,15,23,12,50
4/16/1992,17,21,18,56
4/17/1992,14,14,16,44
4/18/1992,26,35,28,89
4/19/1992,18,24,6,48
4/20/1992,24,21,13,58
4/21/1992,24,17,22,63
4/22/1992,26,29,15,70
4/23/1992,22,25,11,58
4/24/1992,22,28,16,66
4/25/1992,21,21,24,66
4/26/1992,13,29,19,61
4/27/1992,14,29,15,58
4/28/1992,18,29,14,61
4/29/1992,24,22,17,63
4/30/1992,23,21,14,58
5/1/1992,19,22,23,64
5/2/1992,21,28,10,59
5/3/1992,23,19,19,61
5/4/1992,20,26,17,63
5/5/1992,12,22,18,52
5/6/1992,27,25,18,70
5/7/1992,25,18,24,67
5/8/1992,18,10,13,41
5/9/1992,12,42,13,67
5/10/1992,23,27,19,69
5/11/1992,20,39,15,74
5/12/1992,14,30,12,56
5/13/1992,24,35,17,76
5/14/1992,8,25,10,43
5/15/1992,22,28,18,68
5/16/1992,28,31,16,75
5/17/1992,23,41,23,87
5/18/1992,18,29,12,59
5/19/1992,18,16,12,46
5/20/1992,17,17,18,52
5/21/1992,18,31,24,73
5/22/1992,20,31,16,67
5/23/1992,22,24,26,72
5/24/1992,17,19,12,48
5/25/1992,29,36,19,84
5/26/1992,29,23,22,74
5/27/1992,13,27,14,54
5/28/1992,16,32,14,62
5/29/1992,18,33,15,66
5/30/1992,22,35,21,78
5/31/1992,17,35,16,68
6/1/1992,24,27,16,67
6/2/1992,17,33,20,70
6/3/1992,29,19,23,71
6/4/1992,27,12,22,61
6/5/1992,21,22,5,48
6/6/1992,15,33,13,61
6/7/1992,25,19,19,63
6/8/1992,26,37,20,83
6/9/1992,29,29,22,80
6/10/1992,13,17,16,46
6/11/1992,16,35,11,62
6/12/1992,17,44,11,72
6/13/1992,12,18,24,54
6/14/1992,15,21,22,58
6/15/1992,16,34,11,61
6/16/1992,13,38,28,79
6/17/1992,23,32,21,76
6/18/1992,19,28,14,61
6/19/1992,18,34,13,65
6/20/1992,20,24,13,57
6/21/1992,18,20,8,46
6/22/1992,16,21,16,53
6/23/1992,29,27,19,75
6/24/1992,15,40,12,67
6/25/1992,17,31,16,64
6/26/1992,27,29,18,74
6/27/1992,21,35,9,65
6/28/1992,26,41,18,85
6/29/1992,15,42,26,83
6/30/1992,23,27,19,69
7/1/1992,21,32,18,71
7/2/1992,19,18,17,54
7/3/1992,23,32,13,68
7/4/1992,27,24,22,73
7/5/1992,22,18,12,52
7/6/1992,12,37,14,63
7/7/1992,12,18,20,50
7/8/1992,26,31,18,75
7/9/1992,15,30,8,53
7/10/1992,26,28,10,64
7/11/1992,28,16,12,56
7/12/1992,26,29,24,79
7/13/1992,17,10,15,42
7/14/1992,19,11,21,51
7/15/1992,15,30,19,64
7/16/1992,19,21,14,54
7/17/1992,26,23,14,63
7/18/1992,18,24,12,54
7/19/1992,18,25,14,57
7/20/1992,14,22,12,48
7/21/1992,15,17,10,42
7/22/1992,25,31,9,65
7/23/1992,16,29,16,61
7/24/1992,16,19,8,43
7/25/1992,16,42,14,72
7/26/1992,19,29,14,62
7/27/1992,22,29,20,71
7/28/1992,15,27,11,53
7/29/1992,27,30,12,69
7/30/1992,22,35,25,82
7/31/1992,27,25,12,64
8/1/1992,26,15,8,49
8/2/1992,11,33,12,56
8/3/1992,14,21,15,50
8/4/1992,15,34,7,56
8/5/1992,27,30,17,74
8/6/1992,25,21,27,73
8/7/1992,10,27,9,46
8/8/1992,27,27,22,76
8/9/1992,16,22,25,63
8/10/1992,26,34,14,74
8/11/1992,17,22,17,56
8/12/1992,10,15,16,41
8/13/1992,20,16,11,47
8/14/1992,19,39,12,70
8/15/1992,15,30,14,59
8/16/1992,22,25,13,60
8/17/1992,22,27,18,67
8/18/1992,26,31,11,68
8/19/1992,15,36,15,66
8/20/1992,27,32,20,79
8/21/1992,22,45,7,74
8/22/1992,30,26,20,76
8/23/1992,18,11,19,48
8/24/1992,21,40,13,74
8/25/1992,17,16,27,60
8/26/1992,15,20,13,48
8/27/1992,18,22,19,59
8/28/1992,24,31,15,70
8/29/1992,24,18,23,65
8/30/1992,20,13,14,47
8/31/1992,17,27,17,61
9/1/1992,31,34,21,86
9/2/1992,13,31,20,64
9/3/1992,28,11,14,53
9/4/1992,18,34,22,74
9/5/1992,13,33,14,60
9/6/1992,31,32,9,72
9/7/1992,19,32,20,71
9/8/1992,23,23,25,71
9/9/1992,24,31,11,66
9/10/1992,26,20,9,55
9/11/1992,17,15,6,38
9/12/1992,22,35,13,70
9/13/1992,15,22,10,47
9/14/1992,25,25,12,62
9/15/1992,13,23,10,46
9/16/1992,18,24,17,59
9/17/1992,15,41,10,66
9/18/1992,20,18,10,48
9/19/1992,12,30,20,62
9/20/1992,17,28,7,52
9/21/1992,27,29,13,69
9/22/1992,19,40,15,74
9/23/1992,30,13,8,51
9/24/1992,27,33,10,70
9/25/1992,25,33,18,76
9/26/1992,16,18,21,55
9/27/1992,25,26,11,62
9/28/1992,18,21,11,50
9/29/1992,28,15,18,61
9/30/1992,11,26,11,48
10/1/1992,25,28,22,75
10/2/1992,10,31,21,62
10/3/1992,12,38,27,77
10/4/1992,23,15,14,52
10/5/1992,32,27,9,68
10/6/1992,17,44,17,78
10/7/1992,24,41,14,79
10/8/1992,31,32,23,86
10/9/1992,26,27,19,72
10/10/1992,25,24,14,63
10/11/1992,21,24,26,71
10/12/1992,16,30,16,62
10/13/1992,15,31,18,64
10/14/1992,17,16,20,53
10/15/1992,14,30,20,64
10/16/1992,16,28,12,56
10/17/1992,22,31,18,71
10/18/1992,23,42,15,80
10/19/1992,27,29,7,63
10/20/1992,21,38,14,73
10/21/1992,24,35,23,82
10/22/1992,24,22,25,71
10/23/1992,16,20,15,51
10/24/1992,17,16,14,47
10/25/1992,20,31,18,69
10/26/1992,21,28,19,68
10/27/1992,21,32,16,69
10/28/1992,20,28,22,70
10/29/1992,18,32,18,68
10/30/1992,20,39,19,78
10/31/1992,19,12,25,56
11/1/1992,15,32,9,56
11/2/1992,16,43,22,81
11/3/1992,18,36,10,64
11/4/1992,21,9,10,40
11/5/1992,14,30,25,69
11/6/1992,13,16,15,44
11/7/1992,17,33,18,68
11/8/1992,18,20,14,52
11/9/1992,26,12,13,51
11/10/1992,28,15,13,56
11/11/1992,25,27,12,64
11/12/1992,24,17,14,55
11/13/1992,14,19,21,54
11/14/1992,28,40,13,81
11/15/1992,19,20,13,52
11/16/1992,15,24,24,63
11/17/1992,15,35,22,72
11/18/1992,28,28,8,64
11/19/1992,12,23,22,57
11/20/1992,10,28,22,60
11/21/1992,20,20,12,52
11/22/1992,14,17,10,41
11/23/1992,18,19,23,60
11/24/1992,15,28,20,63
11/25/1992,21,41,10,72
11/26/1992,19,21,20,60
11/27/1992,25,35,20,80
11/28/1992,22,31,19,72
11/29/1992,24,26,17,67
11/30/1992,9,24,19,52
12/1/1992,20,25,15,60
12/2/1992,18,37,17,72
12/3/1992,17,32,12,61
12/4/1992,15,13,16,44
12/5/1992,24,33,12,69
12/6/1992,24,36,19,79
12/7/1992,16,24,11,51
12/8/1992,27,22,22,71
12/9/1992,15,32,18,65
12/10/1992,27,29,11,67
12/11/1992,26,26,19,71
12/12/1992,24,26,24,74
12/13/1992,9,27,8,44
12/14/1992,22,23,24,69
12/15/1992,20,33,15,68
12/16/1992,24,29,23,76
12/17/1992,12,32,20,64
12/18/1992,24,35,15,74
12/19/1992,14,29,4,47
12/20/1992,13,24,20,57
12/21/1992,23,23,18,64
12/22/1992,28,11,14,53
12/23/1992,13,27,23,63
12/24/1992,19,23,12,54
12/25/1992,25,34,19,78
12/26/1992,19,13,20,52
12/27/1992,26,28,23,77
12/28/1992,14,25,14,53
12/29/1992,14,31,17,62
12/30/1992,22,24,23,69
12/31/1992,23,19,24,66
1/1/1993,18,23,16,57
1/2/1993,18,22,23,63
1/3/1993,17,34,17,68
1/4/1993,24,23,17,64
1/5/1993,22,20,13,55
1/6/1993,22,20,13,55
1/7/1993,29,38,15,82
1/8/1993,23,21,27,71
1/9/1993,22,30,17,69
1/10/1993,18,40,17,75
1/11/1993,28,31,12,71
1/12/1993,11,14,8,33
1/13/1993,15,31,19,65
1/14/1993,20,17,23,60
1/15/1993,19,29,15,63
1/16/1993,12,34,23,69
1/17/1993,25,26,22,73
1/18/1993,22,18,17,57
1/19/1993,23,25,18,66
1/20/1993,19,30,26,75
1/21/1993,8,20,21,49
1/22/1993,17,35,17,69
1/23/1993,19,28,23,70
1/24/1993,19,34,18,71
1/25/1993,18,37,11,66
1/26/1993,15,39,13,67
1/27/1993,18,21,26,65
1/28/1993,19,28,17,64
1/29/1993,17,24,14,55
1/30/1993,21,30,15,66
1/31/1993,18,45,23,86
2/1/1993,19,29,18,66
2/2/1993,18,30,17,65
2/3/1993,22,38,19,79
2/4/1993,29,35,20,84
2/5/1993,15,40,22,77
2/6/1993,25,36,11,72
2/7/1993,15,22,14,51
2/8/1993,28,21,14,63
2/9/1993,26,27,14,67
2/10/1993,22,13,13,48
2/11/1993,25,24,18,67
2/12/1993,13,31,21,65
2/13/1993,15,45,11,71
2/14/1993,13,43,12,68
2/15/1993,26,22,12,60
2/16/1993,22,35,16,73
2/17/1993,23,23,13,59
2/18/1993,29,27,7,63
2/19/1993,20,33,20,73
2/20/1993,23,28,8,59
2/21/1993,25,39,10,74
2/22/1993,17,33,12,62
2/23/1993,15,30,13,58
2/24/1993,16,28,14,58
2/25/1993,33,25,13,71
2/26/1993,23,14,14,51
2/27/1993,12,35,17,64
2/28/1993,25,26,17,68
3/1/1993,23,15,17,55
3/2/1993,18,17,18,53
3/3/1993,26,24,17,67
3/4/1993,22,31,25,78
3/5/1993,24,12,13,49
3/6/1993,24,31,17,72
3/7/1993,20,24,10,54
3/8/1993,23,33,13,69
3/9/1993,17,26,17,60
3/10/1993,12,36,18,66
3/11/1993,20,21,27,68
3/12/1993,28,33,25,86
3/13/1993,24,33,13,70
3/14/1993,14,13,14,41
3/15/1993,21,40,15,76
3/16/1993,13,39,25,77
3/17/1993,15,30,14,59
3/18/1993,22,41,17,80
3/19/1993,17,10,6,33
3/20/1993,28,15,10,53
3/21/1993,15,27,22,64
3/22/1993,18,37,19,74
3/23/1993,24,29,10,63
3/24/1993,26,26,18,70
3/25/1993,15,25,24,64
3/26/1993,19,25,16,60
3/27/1993,13,16,22,51
3/28/1993,21,31,6,58
3/29/1993,18,32,19,69
3/30/1993,22,22,14,58
3/31/1993,23,20,22,65
4/1/1993,26,29,13,68
4/2/1993,19,15,21,55
4/3/1993,24,23,14,61
4/4/1993,18,23,24,65
4/5/1993,10,44,21,75
4/6/1993,24,37,18,79
4/7/1993,18,10,19,47
4/8/1993,12,31,11,54
4/9/1993,19,23,12,54
4/10/1993,14,19,12,45
4/11/1993,16,33,13,62
4/12/1993,21,26,18,65
4/13/1993,14,16,10,40
4/14/1993,20,29,11,60
4/15/1993,22,38,11,71
4/16/1993,21,25,23,69
4/17/1993,19,36,11,66
4/18/1993,24,28,20,72
4/19/1993,21,26,15,62
4/20/1993,26,38,18,82
4/21/1993,18,23,14,55
4/22/1993,14,38,12,64
4/23/1993,13,27,24,64
4/24/1993,14,18,20,52
4/25/1993,16,22,22,60
4/26/1993,12,32,16,60
4/27/1993,23,22,15,60
4/28/1993,23,28,25,76
4/29/1993,18,28,18,64
4/30/1993,25,8,20,53
5/1/1993,20,15,18,53
5/2/1993,21,34,20,75
5/3/1993,17,39,17,73
5/4/1993,15,34,14,63
5/5/1993,13,25,15,53
5/6/1993,14,25,18,57
5/7/1993,17,33,22,72
5/8/1993,16,31,15,62
5/9/1993,19,19,13,51
5/10/1993,26,22,18,66
5/11/1993,29,26,12,67
5/12/1993,13,20,22,55
5/13/1993,7,15,14,36
5/14/1993,22,17,20,59
5/15/1993,17,27,20,64
5/16/1993,17,19,22,58
5/17/1993,19,35,13,67
5/18/1993,13,27,17,57
5/19/1993,25,32,20,77
5/20/1993,26,30,19,75
5/21/1993,20,33,18,71
5/22/1993,22,22,21,65
5/23/1993,22,23,25,70
5/24/1993,17,23,11,51
5/25/1993,24,22,21,67
5/26/1993,23,30,26,79
5/27/1993,30,33,16,79
5/28/1993,27,17,20,64
5/29/1993,19,26,12,57
5/30/1993,23,30,25,78
5/31/1993,13,17,16,46
6/1/1993,18,27,22,67
6/2/1993,14,21,20,55
6/3/1993,22,24,22,68
6/4/1993,21,22,17,60
6/5/1993,19,17,11,47
6/6/1993,16,35,8,59
6/7/1993,19,21,17,57
6/8/1993,25,20,25,70
6/9/1993,18,33,22,73
6/10/1993,21,29,25,75
6/11/1993,17,26,18,61
6/12/1993,11,37,8,56
6/13/1993,25,31,12,68
6/14/1993,19,9,18,46
6/15/1993,15,29,24,68
6/16/1993,22,22,14,58
6/17/1993,26,30,23,79
6/18/1993,15,26,9,50
6/19/1993,20,32,20,72
6/20/1993,14,27,15,56
6/21/1993,14,18,10,42
6/22/1993,16,31,23,70
6/23/1993,12,22,25,59
6/24/1993,14,19,20,53
6/25/1993,16,21,19,56
6/26/1993,14,30,22,66
6/27/1993,22,35,10,67
6/28/1993,21,30,20,71
6/29/1993,16,38,19,73
6/30/1993,10,15,14,39
7/1/1993,23,18,20,61
7/2/1993,17,18,23,58
7/3/1993,23,42,25,90
7/4/1993,6,29,18,53
7/5/1993,19,36,10,65
7/6/1993,16,43,21,80
7/7/1993,19,33,19,71
7/8/1993,24,18,21,63
7/9/1993,19,34,13,66
7/10/1993,14,30,13,57
7/11/1993,14,31,18,63
7/12/1993,22,24,19,65
7/13/1993,24,28,10,62
7/14/1993,21,36,19,76
7/15/1993,14,38,21,73
7/16/1993,15,23,16,54
7/17/1993,20,32,21,73
7/18/1993,24,25,11,60
7/19/1993,12,30,24,66
7/20/1993,20,19,12,51
7/21/1993,16,10,14,40
7/22/1993,24,20,10,54
7/23/1993,22,37,19,78
7/24/1993,22,20,11,53
7/25/1993,24,25,13,62
7/26/1993,16,35,20,71
7/27/1993,12,29,19,60
7/28/1993,12,14,17,43
7/29/1993,20,16,20,56
7/30/1993,20,33,28,81
7/31/1993,15,26,19,60
8/1/1993,21,15,20,56
8/2/1993,17,28,10,55
8/3/1993,15,30,11,56
8/4/1993,18,19,13,50
8/5/1993,18,28,18,64
8/6/1993,17,23,18,58
8/7/1993,18,32,14,64
8/8/1993,18,32,18,68
8/9/1993,22,23,10,55
8/10/1993,23,26,15,64
8/11/1993,14,28,16,58
8/12/1993,26,27,14,67
8/13/1993,18,34,19,71
8/14/1993,26,31,18,75
8/15/1993,13,43,18,74
8/16/1993,17,36,24,77
8/17/1993,18,29,10,57
8/18/1993,16,29,24,69
8/19/1993,11,25,8,44
8/20/1993,13,26,12,51
8/21/1993,21,14,19,54
8/22/1993,17,29,17,63
8/23/1993,24,27,22,73
8/24/1993,11,23,20,54
8/25/1993,18,34,15,67
8/26/1993,23,20,13,56
8/27/1993,15,21,21,57
8/28/1993,15,25,22,62
8/29/1993,30,36,10,76
8/30/1993,29,40,19,88
8/31/1993,22,14,18,54
9/1/1993,13,38,11,62
9/2/1993,16,21,8,45
9/3/1993,26,30,8,64
9/4/1993,8,34,12,54
9/5/1993,25,17,18,60
9/6/1993,21,23,14,58
9/7/1993,22,26,13,61
9/8/1993,10,19,20,49
9/9/1993,18,17,8,43
9/10/1993,20,29,7,56
9/11/1993,25,35,4,64
9/12/1993,20,28,23,71
9/13/1993,18,22,25,65
9/14/1993,19,33,10,62
9/15/1993,29,22,8,59
9/16/1993,22,33,16,71
9/17/1993,16,30,14,60
9/18/1993,26,35,19,80
9/19/1993,15,22,13,50
9/20/1993,11,38,16,65
9/21/1993,26,33,13,72
9/22/1993,23,33,12,68
9/23/1993,15,40,23,78
9/24/1993,19,17,27,63
9/25/1993,14,31,21,66
9/26/1993,13,15,28,56
9/27/1993,25,27,6,58
9/28/1993,18,20,16,54
9/29/1993,17,15,23,55
9/30/1993,8,30,23,61
10/1/1993,16,21,23,60
10/2/1993,14,32,18,64
10/3/1993,26,17,23,66
10/4/1993,27,33,21,81
10/5/1993,28,41,10,79
10/6/1993,18,19,8,45
10/7/1993,14,30,21,65
10/8/1993,17,17,26,60
10/9/1993,23,23,16,62
10/10/1993,23,29,18,70
10/11/1993,23,27,15,65
10/12/1993,18,29,4,51
10/13/1993,13,35,15,63
10/14/1993,24,20,10,54
10/15/1993,18,26,20,64
10/16/1993,17,22,11,50
10/17/1993,11,27,14,52
10/18/1993,19,26,27,72
10/19/1993,20,36,16,72
10/20/1993,15,23,13,51
10/21/1993,19,24,17,60
10/22/1993,21,25,16,62
10/23/1993,24,37,6,67
10/24/1993,16,22,21,59
10/25/1993,30,36,16,82
10/26/1993,27,23,13,63
10/27/1993,28,16,19,63
10/28/1993,17,34,19,70
10/29/1993,15,38,9,62
10/30/1993,20,25,12,57
10/31/1993,18,26,17,61
11/1/1993,22,32,12,66
11/2/1993,10,28,14,52
11/3/1993,14,31,17,62
11/4/1993,20,28,17,65
11/5/1993,26,33,23,82
11/6/1993,12,33,11,56
11/7/1993,24,15,16,55
11/8/1993,18,36,11,65
11/9/1993,20,30,22,72
11/10/1993,19,17,22,58
11/11/1993,11,20,21,52
11/12/1993,23,25,12,60
11/13/1993,18,30,16,64
11/14/1993,22,27,9,58
11/15/1993,16,34,13,63
11/16/1993,22,28,22,72
11/17/1993,22,25,16,63
11/18/1993,19,48,18,85
11/19/1993,23,33,24,80
11/20/1993,17,33,18,68
11/21/1993,25,24,13,62
11/22/1993,20,25,10,55
11/23/1993,20,15,16,51
11/24/1993,16,22,20,58
11/25/1993,29,23,8,60
11/26/1993,19,30,16,65
11/27/1993,23,30,24,77
11/28/1993,12,29,18,59
11/29/1993,17,27,19,63
11/30/1993,23,31,13,67
12/1/1993,20,38,15,73
12/2/1993,13,30,23,66
12/3/1993,30,25,14,69
12/4/1993,22,26,21,69
12/5/1993,11,35,11,57
12/6/1993,15,31,13,59
12/7/1993,20,29,20,69
12/8/1993,16,29,6,51
12/9/1993,30,38,22,90
12/10/1993,21,31,22,74
12/11/1993,27,28,14,69
12/12/1993,19,15,19,53
12/13/1993,12,27,19,58
12/14/1993,16,28,18,62
12/15/1993,10,20,13,43
12/16/1993,16,19,8,43
12/17/1993,24,17,6,47
12/18/1993,27,20,18,65
12/19/1993,10,15,26,51
12/20/1993,15,18,11,44
12/21/1993,25,20,16,61
12/22/1993,16,21,22,59
12/23/1993,17,37,22,76
12/24/1993,13,32,9,54
12/25/1993,13,33,16,62
12/26/1993,24,27,16,67
12/27/1993,16,11,10,37
12/28/1993,9,30,12,51
12/29/1993,23,26,18,67
12/30/1993,20,35,15,70
12/31/1993,22,12,27,61
1/1/1994,22,27,5,54
1/2/1994,25,21,22,68
1/3/1994,24,30,20,74
1/4/1994,11,19,15,45
1/5/1994,20,27,16,63
1/6/1994,21,22,5,48
1/7/1994,20,29,25,74
1/8/1994,17,31,14,62
1/9/1994,20,35,25,80
1/10/1994,22,21,19,62
1/11/1994,10,21,20,51
1/12/1994,14,28,20,62
1/13/1994,21,28,16,65
1/14/1994,18,24,25,67
1/15/1994,24,31,18,73
1/16/1994,21,32,16,69
1/17/1994,22,26,18,66
1/18/1994,12,25,15,52
1/19/1994,26,20,19,65
1/20/1994,24,27,23,74
1/21/1994,24,30,23,77
1/22/1994,17,39,13,69
1/23/1994,20,36,20,76
1/24/1994,12,23,17,52
1/25/1994,21,28,27,76
1/26/1994,21,19,14,54
1/27/1994,22,31,18,71
1/28/1994,19,25,21,65
1/29/1994,17,39,15,71
1/30/1994,24,26,22,72
1/31/1994,14,31,10,55
2/1/1994,22,17,11,50
2/2/1994,26,18,11,55
2/3/1994,14,17,8,39
2/4/1994,29,32,19,80
2/5/1994,19,23,13,55
2/6/1994,26,37,26,89
2/7/1994,13,26,14,53
2/8/1994,18,23,17,58
2/9/1994,22,38,11,71
2/10/1994,22,35,15,72
2/11/1994,14,39,15,68
2/12/1994,25,26,18,69
2/13/1994,18,34,15,67
2/14/1994,22,33,19,74
2/15/1994,18,30,18,66
2/16/1994,25,28,15,68
2/17/1994,13,28,26,67
2/18/1994,19,39,12,70
2/19/1994,16,27,15,58
2/20/1994,25,21,11,57
2/21/1994,20,30,16,66
2/22/1994,16,27,19,62
2/23/1994,22,28,16,66
2/24/1994,27,43,25,95
2/25/1994,21,19,22,62
2/26/1994,21,33,14,68
2/27/1994,18,31,21,70
2/28/1994,28,14,17,59
3/1/1994,22,31,18,71
3/2/1994,21,33,23,77
3/3/1994,19,21,22,62
3/4/1994,24,27,18,69
3/5/1994,22,37,17,76
3/6/1994,24,25,9,58
3/7/1994,24,34,13,71
3/8/1994,21,28,21,70
3/9/1994,23,19,5,47
3/10/1994,21,31,8,60
3/11/1994,13,39,10,62
3/12/1994,16,24,16,56
3/13/1994,28,41,12,81
3/14/1994,25,25,21,71
3/15/1994,18,34,15,67
3/16/1994,18,26,19,63
3/17/1994,22,24,10,56
3/18/1994,24,19,23,66
3/19/1994,21,29,20,70
3/20/1994,19,32,24,75
3/21/1994,20,24,12,56
3/22/1994,17,33,10,60
3/23/1994,18,28,11,57
3/24/1994,20,23,20,63
3/25/1994,11,35,11,57
3/26/1994,19,34,9,62
3/27/1994,24,24,10,58
3/28/1994,21,34,22,77
3/29/1994,21,17,23,61
3/30/1994,29,24,14,67
3/31/1994,27,38,14,79
4/1/1994,22,37,18,77
4/2/1994,7,31,19,57
4/3/1994,20,28,15,63
4/4/1994,21,20,11,52
4/5/1994,30,25,26,81
4/6/1994,13,18,11,42
4/7/1994,18,18,23,59
4/8/1994,22,33,7,62
4/9/1994,26,37,15,78
4/10/1994,21,29,12,62
4/11/1994,26,31,13,70
4/12/1994,14,36,22,72
4/13/1994,27,27,15,69
4/14/1994,16,35,16,67
4/15/1994,19,16,16,51
4/16/1994,15,35,18,68
4/17/1994,18,29,13,60
4/18/1994,23,20,18,61
4/19/1994,24,33,16,73
4/20/1994,21,28,18,67
4/21/1994,22,24,17,63
4/22/1994,31,32,17,80
4/23/1994,17,36,15,68
4/24/1994,24,33,10,67
4/25/1994,22,33,21,76
4/26/1994,17,34,14,65
4/27/1994,23,42,18,83
4/28/1994,27,38,14,79
4/29/1994,13,27,19,59
4/30/1994,30,17,9,56
5/1/1994,19,31,15,65
5/2/1994,24,17,23,64
5/3/1994,29,32,11,72
5/4/1994,28,27,21,76
5/5/1994,14,19,8,41
5/6/1994,14,24,25,63
5/7/1994,19,33,14,66
5/8/1994,25,32,17,74
5/9/1994,21,24,19,64
5/10/1994,20,35,18,73
5/11/1994,14,25,18,57
5/12/1994,13,29,17,59
5/13/1994,26,14,19,59
5/14/1994,23,21,17,61
5/15/1994,19,25,17,61
5/16/1994,17,15,11,43
5/17/1994,22,28,26,76
5/18/1994,27,37,17,81
5/19/1994,19,27,19,65
5/20/1994,21,17,24,62
5/21/1994,20,16,21,57
5/22/1994,15,33,11,59
5/23/1994,24,43,9,76
5/24/1994,19,29,7,55
5/25/1994,19,35,23,77
5/26/1994,10,23,16,49
5/27/1994,15,28,8,51
5/28/1994,18,30,18,66
5/29/1994,21,33,15,69
5/30/1994,23,30,11,64
5/31/1994,22,22,12,56
6/1/1994,9,28,24,61
6/2/1994,17,19,14,50
6/3/1994,25,31,10,66
6/4/1994,23,37,16,76
6/5/1994,23,25,16,64
6/6/1994,24,31,15,70
6/7/1994,30,22,22,74
6/8/1994,18,24,22,64
6/9/1994,15,38,16,69
6/10/1994,23,28,9,60
6/11/1994,27,33,14,74
6/12/1994,24,28,24,76
6/13/1994,19,21,15,55
6/14/1994,14,27,7,48
6/15/1994,23,32,9,64
6/16/1994,23,24,25,72
6/17/1994,16,34,10,60
6/18/1994,26,30,19,75
6/19/1994,20,28,15,63
6/20/1994,23,19,15,57
6/21/1994,28,29,10,67
6/22/1994,13,28,24,65
6/23/1994,26,34,17,77
6/24/1994,24,43,16,83
6/25/1994,25,17,20,62
6/26/1994,15,36,11,62
6/27/1994,14,24,20,58
6/28/1994,14,30,12,56
6/29/1994,21,24,23,68
6/30/1994,27,26,8,61
7/1/1994,27,31,20,78
7/2/1994,28,25,19,72
7/3/1994,14,34,17,65
7/4/1994,18,37,12,67
7/5/1994,23,37,15,75
7/6/1994,12,26,14,52
7/7/1994,18,23,12,53
7/8/1994,8,20,15,43
7/9/1994,14,24,9,47
7/10/1994,14,25,16,55
7/11/1994,13,26,15,54
7/12/1994,17,30,15,62
7/13/1994,18,23,27,68
7/14/1994,20,29,11,60
7/15/1994,18,35,19,72
7/16/1994,22,23,23,68
7/17/1994,14,12,12,38
7/18/1994,15,21,12,48
7/19/1994,29,27,14,70
7/20/1994,21,26,20,67
7/21/1994,27,11,19,57
7/22/1994,14,25,22,61
7/23/1994,11,13,18,42
7/24/1994,15,36,7,58
7/25/1994,22,38,6,66
7/26/1994,24,22,16,62
7/27/1994,22,19,20,61
7/28/1994,16,27,17,60
7/29/1994,28,33,16,77
7/30/1994,22,19,19,60
7/31/1994,24,28,12,64
8/1/1994,18,25,18,61
8/2/1994,9,32,21,62
8/3/1994,22,48,17,87
8/4/1994,21,27,21,69
8/5/1994,31,39,10,80
8/6/1994,16,17,19,52
8/7/1994,13,31,28,72
8/8/1994,20,36,14,70
8/9/1994,24,24,24,72
8/10/1994,21,21,23,65
8/11/1994,24,19,20,63
8/12/1994,15,25,18,58
8/13/1994,25,32,19,76
8/14/1994,25,27,8,60
8/15/1994,18,30,14,62
8/16/1994,27,23,15,65
8/17/1994,21,15,18,54
8/18/1994,19,21,17,57
8/19/1994,21,22,19,62
8/20/1994,22,30,4,56
8/21/1994,23,24,17,64
8/22/1994,12,17,19,48
8/23/1994,20,21,14,55
8/24/1994,19,28,21,68
8/25/1994,20,36,11,67
8/26/1994,14,39,16,69
8/27/1994,16,23,13,52
8/28/1994,12,33,19,64
8/29/1994,18,28,7,53
8/30/1994,11,34,14,59
8/31/1994,19,26,13,58
9/1/1994,23,36,13,72
9/2/1994,12,19,15,46
9/3/1994,29,27,13,69
9/4/1994,23,25,13,61
9/5/1994,14,24,17,55
9/6/1994,17,14,21,52
9/7/1994,20,27,20,67
9/8/1994,19,32,15,66
9/9/1994,24,9,18,51
9/10/1994,10,27,16,53
9/11/1994,19,27,18,64
9/12/1994,24,21,20,65
9/13/1994,20,39,21,80
9/14/1994,17,21,23,61
9/15/1994,12,25,9,46
9/16/1994,17,27,16,60
9/17/1994,16,33,16,65
9/18/1994,26,11,9,46
9/19/1994,23,13,20,56
9/20/1994,20,12,11,43
9/21/1994,24,28,22,74
9/22/1994,17,28,25,70
9/23/1994,13,15,11,39
9/24/1994,22,25,9,56
9/25/1994,15,23,23,61
9/26/1994,19,35,24,78
9/27/1994,17,19,27,63
9/28/1994,12,32,18,62
9/29/1994,25,35,18,78
9/30/1994,11,21,18,50
10/1/1994,16,15,12,43
10/2/1994,22,31,13,66
10/3/1994,20,41,18,79
10/4/1994,18,28,20,66
10/5/1994,20,28,28,76
10/6/1994,17,26,20,63
10/7/1994,13,31,17,61
10/8/1994,26,26,19,71
10/9/1994,20,22,12,54
10/10/1994,19,32,11,62
10/11/1994,7,30,22,59
10/12/1994,19,20,20,59
10/13/1994,14,14,23,51
10/14/1994,29,28,27,84
10/15/1994,25,23,19,67
10/16/1994,18,29,13,60
10/17/1994,21,13,12,46
10/18/1994,22,26,17,65
10/19/1994,21,27,23,71
10/20/1994,13,18,12,43
10/21/1994,23,30,8,61
10/22/1994,24,12,13,49
10/23/1994,19,27,12,58
10/24/1994,13,25,7,45
10/25/1994,9,20,8,37
10/26/1994,14,12,22,48
10/27/1994,13,23,11,47
10/28/1994,23,18,18,59
10/29/1994,22,19,16,57
10/30/1994,11,28,20,59
10/31/1994,19,27,16,62
11/1/1994,18,30,8,56
11/2/1994,17,15,13,45
11/3/1994,23,35,16,74
11/4/1994,9,39,12,60
11/5/1994,22,38,17,77
11/6/1994,24,19,13,56
11/7/1994,19,25,21,65
11/8/1994,11,17,14,42
11/9/1994,17,15,19,51
11/10/1994,19,36,19,74
11/11/1994,18,30,12,60
11/12/1994,19,28,23,70
11/13/1994,21,17,23,61
11/14/1994,19,39,19,77
11/15/1994,25,26,13,64
11/16/1994,20,31,6,57
11/17/1994,21,32,19,72
11/18/1994,21,21,12,54
11/19/1994,18,28,25,71
11/20/1994,19,33,13,65
11/21/1994,17,45,10,72
11/22/1994,8,30,17,55
11/23/1994,16,32,23,71
11/24/1994,24,39,13,76
11/25/1994,17,29,12,58
11/26/1994,18,19,18,55
11/27/1994,18,33,15,66
11/28/1994,27,35,15,77
11/29/1994,12,40,20,72
11/30/1994,20,41,22,83
12/1/1994,22,25,25,72
12/2/1994,26,44,22,92
12/3/1994,28,30,12,70
12/4/1994,28,15,13,56
12/5/1994,15,25,23,63
12/6/1994,14,19,13,46
12/7/1994,24,20,18,62
12/8/1994,20,16,21,57
12/9/1994,19,38,25,82
12/10/1994,25,32,15,72
12/11/1994,18,31,17,66
12/12/1994,30,23,15,68
12/13/1994,27,35,19,81
12/14/1994,18,33,12,63
12/15/1994,17,25,20,62
12/16/1994,18,22,20,60
12/17/1994,12,44,21,77
12/18/1994,15,28,13,56
12/19/1994,30,36,13,79
12/20/1994,28,21,22,71
12/21/1994,13,16,19,48
12/22/1994,28,31,9,68
12/23/1994,17,20,16,53
12/24/1994,15,19,20,54
12/25/1994,22,25,11,58
12/26/1994,15,26,20,61
12/27/1994,20,28,10,58
12/28/1994,26,29,20,75
12/29/1994,16,40,10,66
12/30/1994,23,28,23,74
12/31/1994,16,40,15,71
1/1/1995,24,25,24,73
1/2/1995,23,24,12,59
1/3/1995,22,31,14,67
1/4/1995,14,23,19,56
1/5/1995,24,20,19,63
1/6/1995,22,30,13,65
1/7/1995,20,18,25,63
1/8/1995,25,36,20,81
1/9/1995,22,35,10,67
1/10/1995,24,11,14,49
1/11/1995,15,28,17,60
1/12/1995,15,27,6,48
1/13/1995,8,35,16,59
1/14/1995,23,34,22,79
1/15/1995,8,29,21,58
1/16/1995,17,32,18,67
1/17/1995,20,36,21,77
1/18/1995,14,37,11,62
1/19/1995,20,31,21,72
1/20/1995,13,22,13,48
1/21/1995,27,37,13,77
1/22/1995,14,30,24,68
1/23/1995,20,29,10,59
1/24/1995,17,26,9,52
1/25/1995,17,27,12,56
1/26/1995,21,43,10,74
1/27/1995,18,25,23,66
1/28/1995,20,32,29,81
1/29/1995,15,33,19,67
1/30/1995,18,17,17,52
1/31/1995,27,16,10,53
2/1/1995,11,34,20,65
2/2/1995,23,21,22,66
2/3/1995,24,33,13,70
2/4/1995,19,14,22,55
2/5/1995,22,20,19,61
2/6/1995,24,18,13,55
2/7/1995,21,21,19,61
2/8/1995,20,32,11,63
2/9/1995,8,20,16,44
2/10/1995,16,36,19,71
2/11/1995,11,23,21,55
2/12/1995,21,16,15,52
2/13/1995,27,22,21,70
2/14/1995,24,30,15,69
2/15/1995,22,23,14,59
2/16/1995,15,20,13,48
2/17/1995,18,26,23,67
2/18/1995,11,15,17,43
2/19/1995,23,28,17,68
2/20/1995,12,33,8,53
2/21/1995,19,32,20,71
2/22/1995,21,27,16,64
2/23/1995,23,30,14,67
2/24/1995,26,34,25,85
2/25/1995,16,26,24,66
2/26/1995,8,21,13,42
2/27/1995,27,16,21,64
2/28/1995,16,34,21,71
3/1/1995,25,21,21,67
3/2/1995,18,11,20,49
3/3/1995,16,30,18,64
3/4/1995,18,17,20,55
3/5/1995,22,33,11,66
3/6/1995,22,28,13,63
3/7/1995,10,25,11,46
3/8/1995,19,27,8,54
3/9/1995,11,26,16,53
3/10/1995,25,25,23,73
3/11/1995,20,25,23,68
3/12/1995,24,25,20,69
3/13/1995,21,32,13,66
3/14/1995,22,16,16,54
3/15/1995,20,33,22,75
3/16/1995,23,32,17,72
3/17/1995,19,22,17,58
3/18/1995,24,25,10,59
3/19/1995,15,34,15,64
3/20/1995,14,29,21,64
3/21/1995,16,19,20,55
3/22/1995,29,22,21,72
3/23/1995,18,34,23,75
3/24/1995,19,23,20,62
3/25/1995,23,16,21,60
3/26/1995,20,24,18,62
3/27/1995,20,38,13,71
3/28/1995,21,18,14,53
3/29/1995,10,20,21,51
3/30/1995,29,39,17,85
3/31/1995,26,22,18,66
4/1/1995,29,26,14,69
4/2/1995,17,22,19,58
4/3/1995,16,25,26,67
4/4/1995,20,24,16,60
4/5/1995,19,40,15,74
4/6/1995,31,35,12,78
4/7/1995,17,30,18,65
4/8/1995,18,31,12,61
4/9/1995,16,24,22,62
4/10/1995,14,29,10,53
4/11/1995,22,15,23,60
4/12/1995,22,29,11,62
4/13/1995,21,21,8,50
4/14/1995,22,35,13,70
4/15/1995,13,37,13,63
4/16/1995,24,33,17,74
4/17/1995,12,21,21,54
4/18/1995,19,43,12,74
4/19/1995,18,19,18,55
4/20/1995,15,32,11,58
4/21/1995,16,22,20,58
4/22/1995,27,20,21,68
4/23/1995,24,21,17,62
4/24/1995,24,34,18,76
4/25/1995,31,12,12,55
4/26/1995,18,25,20,63
4/27/1995,19,42,9,70
4/28/1995,31,27,20,78
4/29/1995,17,35,10,62
4/30/1995,21,23,11,55
5/1/1995,22,29,20,71
5/2/1995,30,21,12,63
5/3/1995,19,26,23,68
5/4/1995,19,21,12,52
5/5/1995,20,24,13,57
5/6/1995,22,27,15,64
5/7/1995,20,17,27,64
5/8/1995,17,37,17,71
5/9/1995,13,35,16,64
5/10/1995,20,30,20,70
5/11/1995,15,31,21,67
5/12/1995,22,17,11,50
5/13/1995,15,43,21,79
5/14/1995,21,31,14,66
5/15/1995,9,20,20,49
5/16/1995,16,17,11,44
5/17/1995,21,40,24,85
5/18/1995,27,18,16,61
5/19/1995,21,28,17,66
5/20/1995,19,30,15,64
5/21/1995,29,18,9,56
5/22/1995,15,22,8,45
5/23/1995,16,37,12,65
5/24/1995,15,28,14,57
5/25/1995,26,23,14,63
5/26/1995,23,21,14,58
5/27/1995,24,31,11,66
5/28/1995,22,37,22,81
5/29/1995,17,26,28,71
5/30/1995,18,25,18,61
5/31/1995,14,30,20,64
6/1/1995,17,29,19,65
6/2/1995,25,44,17,86
6/3/1995,19,32,16,67
6/4/1995,24,34,24,82
6/5/1995,19,39,20,78
6/6/1995,25,22,20,67
6/7/1995,9,23,22,54
6/8/1995,19,23,15,57
6/9/1995,22,25,17,64
6/10/1995,22,19,22,63
6/11/1995,11,16,16,43
6/12/1995,20,29,18,67
6/13/1995,18,25,11,54
6/14/1995,23,11,19,53
6/15/1995,18,26,17,61
6/16/1995,15,31,22,68
6/17/1995,13,17,17,47
6/18/1995,21,21,14,56
6/19/1995,15,32,14,61
6/20/1995,18,29,24,71
6/21/1995,11,32,25,68
6/22/1995,30,15,17,62
6/23/1995,29,41,10,80
6/24/1995,11,22,27,60
6/25/1995,26,39,14,79
6/26/1995,21,22,11,54
6/27/1995,17,28,18,63
6/28/1995,20,32,18,70
6/29/1995,21,28,23,72
6/30/1995,32,26,29,87
7/1/1995,20,32,22,74
7/2/1995,18,29,15,62
7/3/1995,25,29,17,71
7/4/1995,17,27,8,52
7/5/1995,26,22,21,69
7/6/1995,16,27,24,67
7/7/1995,15,31,10,56
7/8/1995,17,21,16,54
7/9/1995,14,30,18,62
7/10/1995,18,40,16,74
7/11/1995,23,36,15,74
7/12/1995,11,40,17,68
7/13/1995,26,17,14,57
7/14/1995,19,29,11,59
7/15/1995,16,21,14,51
7/16/1995,17,32,24,73
7/17/1995,17,34,18,69
7/18/1995,19,26,24,69
7/19/1995,14,23,17,54
7/20/1995,27,33,17,77
7/21/1995,18,11,9,38
7/22/1995,25,30,21,76
7/23/1995,18,32,20,70
7/24/1995,16,28,7,51
7/25/1995,18,32,19,69
7/26/1995,15,29,9,53
7/27/1995,23,35,16,74
7/28/1995,17,33,16,66
7/29/1995,26,29,23,78
7/30/1995,12,10,23,45
7/31/1995,19,15,9,43
8/1/1995,20,28,16,64
8/2/1995,24,23,20,67
8/3/1995,19,14,25,58
8/4/1995,16,26,21,63
8/5/1995,18,29,14,61
8/6/1995,20,35,14,69
8/7/1995,15,33,13,61
8/8/1995,20,20,14,54
8/9/1995,22,15,27,64
8/10/1995,17,26,23,66
8/11/1995,23,22,11,56
8/12/1995,8,25,14,47
8/13/1995,15,33,20,68
8/14/1995,18,19,17,54
8/15/1995,17,11,20,48
8/16/1995,21,34,14,69
8/17/1995,22,35,10,67
8/18/1995,18,26,18,62
8/19/1995,16,21,12,49
8/20/1995,11,12,17,40
8/21/1995,24,40,23,87
8/22/1995,16,29,14,59
8/23/1995,26,36,10,72
8/24/1995,11,25,15,51
8/25/1995,15,34,17,66
8/26/1995,19,28,12,59
8/27/1995,22,31,21,74
8/28/1995,23,32,9,64
8/29/1995,23,40,14,77
8/30/1995,22,12,18,52
8/31/1995,22,22,24,68
9/1/1995,28,22,16,66
9/2/1995,12,29,15,56
9/3/1995,12,32,27,71
9/4/1995,13,29,10,52
9/5/1995,20,16,24,60
9/6/1995,24,34,19,77
9/7/1995,23,30,16,69
9/8/1995,19,16,19,54
9/9/1995,25,25,12,62
9/10/1995,25,34,8,67
9/11/1995,16,23,22,61
9/12/1995,17,29,13,59
9/13/1995,22,29,15,66
9/14/1995,17,24,25,66
9/15/1995,20,31,22,73
9/16/1995,25,18,12,55
9/17/1995,24,23,9,56
9/18/1995,20,18,17,55
9/19/1995,26,36,15,77
9/20/1995,12,31,22,65
9/21/1995,17,34,17,68
9/22/1995,15,29,19,63
9/23/1995,17,20,17,54
9/24/1995,9,22,13,44
9/25/1995,13,32,13,58
9/26/1995,13,39,16,68
9/27/1995,22,14,18,54
9/28/1995,23,22,11,56
9/29/1995,25,28,17,70
9/30/1995,21,24,15,60
10/1/1995,17,32,14,63
10/2/1995,12,35,15,62
10/3/1995,25,37,14,76
10/4/1995,13,30,15,58
10/5/1995,17,33,11,61
10/6/1995,21,21,19,61
10/7/1995,19,29,19,67
10/8/1995,20,33,19,72
10/9/1995,19,19,14,52
10/10/1995,21,26,14,61
10/11/1995,22,24,18,64
10/12/1995,15,19,14,48
10/13/1995,16,31,22,69
10/14/1995,20,19,15,54
10/15/1995,23,27,12,62
10/16/1995,15,27,11,53
10/17/1995,13,34,26,73
10/18/1995,26,22,22,70
10/19/1995,23,12,21,56
10/20/1995,13,32,22,67
10/21/1995,17,22,17,56
10/22/1995,25,27,17,69
10/23/1995,27,40,20,87
10/24/1995,24,37,24,85
10/25/1995,25,19,20,64
10/26/1995,17,23,13,53
10/27/1995,15,38,18,71
10/28/1995,16,39,18,73
10/29/1995,15,34,22,71
10/30/1995,18,29,23,70
10/31/1995,15,33,11,59
11/1/1995,15,26,10,51
11/2/1995,24,25,10,59
11/3/1995,20,29,12,61
11/4/1995,25,36,9,70
11/5/1995,20,24,19,63
11/6/1995,17,20,15,52
11/7/1995,19,26,13,58
11/8/1995,30,35,21,86
11/9/1995,20,38,16,74
11/10/1995,26,39,14,79
11/11/1995,23,34,20,77
11/12/1995,24,26,22,72
11/13/1995,23,33,20,76
11/14/1995,22,27,12,61
11/15/1995,21,17,13,51
11/16/1995,31,16,12,59
11/17/1995,32,21,8,61
11/18/1995,9,31,19,59
11/19/1995,12,34,18,64
11/20/1995,18,22,15,55
11/21/1995,25,38,20,83
11/22/1995,11,30,12,53
11/23/1995,18,14,17,49
11/24/1995,17,22,22,61
11/25/1995,15,20,10,45
11/26/1995,16,29,21,66
11/27/1995,19,37,12,68
11/28/1995,22,18,13,53
11/29/1995,14,24,18,56
11/30/1995,19,16,21,56
12/1/1995,10,32,12,54
12/2/1995,16,30,16,62
12/3/1995,17,42,12,71
12/4/1995,19,18,14,51
12/5/1995,23,35,20,78
12/6/1995,15,31,20,66
12/7/1995,11,34,21,66
12/8/1995,29,21,14,64
12/9/1995,20,38,16,74
12/10/1995,16,36,11,63
12/11/1995,19,17,17,53
12/12/1995,30,21,18,69
12/13/1995,17,23,15,55
12/14/1995,14,23,13,50
12/15/1995,17,34,18,69
12/16/1995,28,24,18,70
12/17/1995,15,28,13,56
12/18/1995,23,28,18,69
12/19/1995,16,24,18,58
12/20/1995,15,18,23,56
12/21/1995,19,12,15,46
12/22/1995,20,30,12,62
12/23/1995,15,21,23,59
12/24/1995,19,25,9,53
12/25/1995,17,20,21,58
12/26/1995,8,18,17,43
12/27/1995,19,28,20,67
12/28/1995,25,31,15,71
12/29/1995,25,25,19,69
12/30/1995,12,25,13,50
12/31/1995,23,31,15,69
1/1/1996,12,21,16,49
1/2/1996,13,24,14,51
1/3/1996,16,23,16,55
1/4/1996,20,20,20,60
1/5/1996,30,21,14,65
1/6/1996,27,43,23,93
1/7/1996,25,35,15,75
1/8/1996,18,35,15,68
1/9/1996,28,31,17,76
1/10/1996,17,23,15,55
1/11/1996,16,28,17,61
1/12/1996,24,29,12,65
1/13/1996,23,8,18,49
1/14/1996,25,28,21,74
1/15/1996,28,30,24,82
1/16/1996,20,13,18,51
1/17/1996,24,28,16,68
1/18/1996,21,26,20,67
1/19/1996,22,13,24,59
1/20/1996,15,35,15,65
1/21/1996,20,25,10,55
1/22/1996,25,21,22,68
1/23/1996,24,34,10,68
1/24/1996,23,29,14,66
1/25/1996,21,26,18,65
1/26/1996,14,26,12,52
1/27/1996,14,38,17,69
1/28/1996,21,24,13,58
1/29/1996,23,16,11,50
1/30/1996,19,28,17,64
1/31/1996,20,26,14,60
2/1/1996,18,29,20,67
2/2/1996,21,29,12,62
2/3/1996,15,19,15,49
2/4/1996,22,27,23,72
2/5/1996,17,22,17,56
2/6/1996,30,17,10,57
2/7/1996,13,17,13,43
2/8/1996,25,35,12,72
2/9/1996,18,11,12,41
2/10/1996,20,21,11,52
2/11/1996,15,19,24,58
2/12/1996,22,25,14,61
2/13/1996,20,25,20,65
2/14/1996,21,26,9,56
2/15/1996,17,18,10,45
2/16/1996,17,16,12,45
2/17/1996,12,30,14,56
2/18/1996,13,27,15,55
2/19/1996,11,19,14,44
2/20/1996,26,31,19,76
2/21/1996,18,20,28,66
2/22/1996,12,26,21,59
2/23/1996,18,32,22,72
2/24/1996,19,31,22,72
2/25/1996,23,32,14,69
2/26/1996,27,39,10,76
2/27/1996,22,22,15,59
2/28/1996,27,29,12,68
2/29/1996,24,20,22,66
3/1/1996,13,34,19,66
3/2/1996,10,25,23,58
3/3/1996,21,27,19,67
3/4/1996,10,30,12,52
3/5/1996,18,20,5,43
3/6/1996,27,24,12,63
3/7/1996,15,30,26,71
3/8/1996,17,36,14,67
3/9/1996,9,19,9,37
3/10/1996,15,24,18,57
3/11/1996,11,33,12,56
3/12/1996,23,31,18,72
3/13/1996,14,30,17,61
3/14/1996,20,28,16,64
3/15/1996,15,25,19,59
3/16/1996,20,35,14,69
3/17/1996,15,29,20,64
3/18/1996,18,18,20,56
3/19/1996,27,31,18,76
3/20/1996,13,24,18,55
3/21/1996,23,34,20,77
3/22/1996,26,20,13,59
3/23/1996,21,17,13,51
3/24/1996,23,27,12,62
3/25/1996,21,29,19,69
3/26/1996,20,27,9,56
3/27/1996,19,26,10,55
3/28/1996,13,35,23,71
3/29/1996,11,32,17,60
3/30/1996,23,41,7,71
3/31/1996,20,30,15,65
4/1/1996,24,13,11,48
4/2/1996,11,25,22,58
4/3/1996,22,29,21,72
4/4/1996,20,24,13,57
4/5/1996,18,30,21,69
4/6/1996,23,40,28,91
4/7/1996,15,33,27,75
4/8/1996,23,43,16,82
4/9/1996,9,39,16,64
4/10/1996,19,22,20,61
4/11/1996,21,16,21,58
4/12/1996,20,24,14,58
4/13/1996,22,28,12,62
4/14/1996,12,25,11,48
4/15/1996,12,27,19,58
4/16/1996,16,31,5,52
4/17/1996,18,35,23,76
4/18/1996,12,36,13,61
4/19/1996,15,29,20,64
4/20/1996,22,34,12,68
4/21/1996,18,33,25,76
4/22/1996,25,18,18,61
4/23/1996,25,23,12,60
4/24/1996,31,34,23,88
4/25/1996,18,34,13,65
4/26/1996,23,23,9,55
4/27/1996,14,29,16,59
4/28/1996,22,26,18,66
4/29/1996,27,13,11,51
4/30/1996,17,20,14,51
5/1/1996,23,19,12,54
5/2/1996,22,25,10,57
5/3/1996,23,33,19,75
5/4/1996,19,20,11,50
5/5/1996,13,24,18,55
5/6/1996,15,28,14,57
5/7/1996,17,14,17,48
5/8/1996,11,28,8,47
5/9/1996,15,34,12,61
5/10/1996,16,27,14,57
5/11/1996,20,35,17,72
5/12/1996,25,33,11,69
5/13/1996,21,31,20,72
5/14/1996,23,29,21,73
5/15/1996,32,28,20,80
5/16/1996,29,14,19,62
5/17/1996,16,14,15,45
5/18/1996,23,43,10,76
5/19/1996,12,16,24,52
5/20/1996,22,27,16,65
5/21/1996,15,24,10,49
5/22/1996,11,32,17,60
5/23/1996,18,34,18,70
5/24/1996,17,19,27,63
5/25/1996,20,20,20,60
5/26/1996,20,19,11,50
5/27/1996,23,39,19,81
5/28/1996,10,24,25,59
5/29/1996,19,19,14,52
5/30/1996,18,26,11,55
5/31/1996,18,38,12,68
6/1/1996,19,45,17,81
6/2/1996,20,21,24,65
6/3/1996,22,23,28,73
6/4/1996,14,33,24,71
6/5/1996,13,29,11,53
6/6/1996,22,25,14,61
6/7/1996,15,18,23,56
6/8/1996,18,33,14,65
6/9/1996,21,28,18,67
6/10/1996,12,34,11,57
6/11/1996,13,33,24,70
6/12/1996,25,35,21,81
6/13/1996,23,33,14,70
6/14/1996,24,22,9,55
6/15/1996,17,39,18,74
6/16/1996,23,28,19,70
6/17/1996,24,35,19,78
6/18/1996,19,24,8,51
6/19/1996,18,38,15,71
6/20/1996,15,25,15,55
6/21/1996,18,34,14,66
6/22/1996,12,26,21,59
6/23/1996,24,39,14,77
6/24/1996,17,22,12,51
6/25/1996,22,24,8,54
6/26/1996,23,15,15,53
6/27/1996,22,34,8,64
6/28/1996,26,17,23,66
6/29/1996,16,22,13,51
6/30/1996,8,27,22,57
7/1/1996,20,16,11,47
7/2/1996,13,19,18,50
7/3/1996,16,33,14,63
7/4/1996,22,42,12,76
7/5/1996,14,32,15,61
7/6/1996,28,29,19,76
7/7/1996,22,26,15,63
7/8/1996,24,30,10,64
7/9/1996,22,29,14,65
7/10/1996,15,26,16,57
7/11/1996,16,18,21,55
7/12/1996,20,34,20,74
7/13/1996,19,28,15,62
7/14/1996,22,22,12,56
7/15/1996,25,32,7,64
7/16/1996,21,18,16,55
7/17/1996,22,12,21,55
7/18/1996,17,12,19,48
7/19/1996,29,21,13,63
7/20/1996,12,29,26,67
7/21/1996,25,16,15,56
7/22/1996,15,36,20,71
7/23/1996,22,30,11,63
7/24/1996,21,18,20,59
7/25/1996,24,24,23,71
7/26/1996,19,16,15,50
7/27/1996,16,31,29,76
7/28/1996,18,31,13,62
7/29/1996,23,14,12,49
7/30/1996,10,20,19,49
7/31/1996,14,14,19,47
8/1/1996,25,23,7,55
8/2/1996,23,34,17,74
8/3/1996,14,19,6,39
8/4/1996,18,29,14,61
8/5/1996,13,34,10,57
8/6/1996,17,21,14,52
8/7/1996,26,20,17,63
8/8/1996,32,42,23,97
8/9/1996,26,23,18,67
8/10/1996,21,19,17,57
8/11/1996,18,35,16,69
8/12/1996,17,28,20,65
8/13/1996,16,26,18,60
8/14/1996,19,32,15,66
8/15/1996,15,36,26,77
8/16/1996,22,41,12,75
8/17/1996,10,19,20,49
8/18/1996,18,37,21,76
8/19/1996,20,30,14,64
8/20/1996,25,16,14,55
8/21/1996,17,22,12,51
8/22/1996,24,29,23,76
8/23/1996,26,41,13,80
8/24/1996,12,18,22,52
8/25/1996,17,29,11,57
8/26/1996,27,18,8,53
8/27/1996,22,23,16,61
8/28/1996,23,26,19,68
8/29/1996,21,37,14,72
8/30/1996,21,23,22,66
8/31/1996,30,30,20,80
9/1/1996,12,31,14,57
9/2/1996,25,40,18,83
9/3/1996,24,35,20,79
9/4/1996,26,24,15,65
9/5/1996,19,11,22,52
9/6/1996,16,11,21,48
9/7/1996,22,34,16,72
9/8/1996,27,17,18,62
9/9/1996,14,18,17,49
9/10/1996,18,24,20,62
9/11/1996,21,31,19,71
9/12/1996,15,22,21,58
9/13/1996,22,22,16,60
9/14/1996,27,25,11,63
9/15/1996,15,25,10,50
9/16/1996,13,31,19,63
9/17/1996,22,27,20,69
9/18/1996,20,19,17,56
9/19/1996,23,21,13,57
9/20/1996,19,40,25,84
9/21/1996,14,29,17,60
9/22/1996,17,21,23,61
9/23/1996,21,18,19,58
9/24/1996,14,41,13,68
9/25/1996,19,22,14,55
9/26/1996,28,15,22,65
9/27/1996,19,33,15,67
9/28/1996,23,25,24,72
9/29/1996,24,31,11,66
9/30/1996,24,20,11,55
10/1/1996,22,26,10,58
10/2/1996,24,44,20,88
10/3/1996,18,29,21,68
10/4/1996,12,34,22,68
10/5/1996,22,39,21,82
10/6/1996,15,28,17,60
10/7/1996,27,18,15,60
10/8/1996,17,21,21,59
10/9/1996,23,31,23,77
10/10/1996,14,39,16,69
10/11/1996,15,20,22,57
10/12/1996,19,22,14,55
10/13/1996,19,20,16,55
10/14/1996,20,29,15,64
10/15/1996,21,26,17,64
10/16/1996,23,24,14,61
10/17/1996,19,29,12,60
10/18/1996,20,36,12,68
10/19/1996,12,35,16,63
10/20/1996,13,24,12,49
10/21/1996,21,24,12,57
10/22/1996,10,33,19,62
10/23/1996,19,23,9,51
10/24/1996,15,30,15,60
10/25/1996,28,30,6,64
10/26/1996,27,20,23,70
10/27/1996,15,14,19,48
10/28/1996,17,34,20,71
10/29/1996,19,27,12,58
10/30/1996,26,31,8,65
10/31/1996,25,35,5,65
11/1/1996,25,18,16,59
11/2/1996,25,19,21,65
11/3/1996,20,12,10,42
11/4/1996,21,25,9,55
11/5/1996,22,37,18,77
11/6/1996,19,32,19,70
11/7/1996,15,32,17,64
11/8/1996,16,20,9,45
11/9/1996,8,24,4,36
11/10/1996,9,18,16,43
11/11/1996,10,22,7,39
11/12/1996,15,26,24,65
11/13/1996,14,21,22,57
11/14/1996,23,34,16,73
11/15/1996,16,34,22,72
11/16/1996,15,42,24,81
11/17/1996,14,14,23,51
11/18/1996,16,24,17,57
11/19/1996,25,41,16,82
11/20/1996,16,23,20,59
11/21/1996,23,21,11,55
11/22/1996,22,31,22,75
11/23/1996,27,39,16,82
11/24/1996,24,33,15,72
11/25/1996,12,26,20,58
11/26/1996,10,25,14,49
11/27/1996,17,27,13,57
11/28/1996,14,26,15,55
11/29/1996,20,27,11,58
11/30/1996,23,19,18,60
12/1/1996,18,23,16,57
12/2/1996,26,28,13,67
12/3/1996,26,18,16,60
12/4/1996,17,7,11,35
12/5/1996,19,22,19,60
12/6/1996,20,17,19,56
12/7/1996,9,26,10,45
12/8/1996,13,25,27,65
12/9/1996,18,41,9,68
12/10/1996,24,35,21,80
12/11/1996,18,31,25,74
12/12/1996,16,22,15,53
12/13/1996,14,21,12,47
12/14/1996,14,30,16,60
12/15/1996,21,22,20,63
12/16/1996,18,31,7,56
12/17/1996,13,27,18,58
12/18/1996,17,26,14,57
12/19/1996,15,36,15,66
12/20/1996,22,24,14,60
12/21/1996,21,35,12,68
12/22/1996,20,36,18,74
12/23/1996,24,26,27,77
12/24/1996,19,30,10,59
12/25/1996,26,24,9,59
12/26/1996,28,39,11,78
12/27/1996,22,17,17,56
12/28/1996,24,10,7,41
12/29/1996,21,23,21,65
12/30/1996,24,28,18,70
12/31/1996,15,39,21,75
1/1/1997,16,21,21,58
1/2/1997,15,33,19,67
1/3/1997,12,17,10,39
1/4/1997,21,39,19,79
1/5/1997,25,19,16,60
1/6/1997,24,29,12,65
1/7/1997,23,31,18,72
1/8/1997,18,37,16,71
1/9/1997,19,28,24,71
1/10/1997,26,27,18,71
1/11/1997,23,26,14,63
1/12/1997,17,25,17,59
1/13/1997,24,30,14,68
1/14/1997,20,39,7,66
1/15/1997,18,19,11,48
1/16/1997,22,21,14,57
1/17/1997,24,27,25,76
1/18/1997,14,12,14,40
1/19/1997,28,33,24,85
1/20/1997,21,20,19,60
1/21/1997,21,41,10,72
1/22/1997,17,26,16,59
1/23/1997,19,38,16,73
1/24/1997,22,20,18,60
1/25/1997,14,36,19,69
1/26/1997,30,30,19,79
1/27/1997,24,12,8,44
1/28/1997,23,29,25,77
1/29/1997,24,29,18,71
1/30/1997,30,14,12,56
1/31/1997,15,16,13,44
2/1/1997,22,23,19,64
2/2/1997,10,33,13,56
2/3/1997,21,29,16,66
2/4/1997,24,31,22,77
2/5/1997,19,23,14,56
2/6/1997,31,22,25,78
2/7/1997,14,9,17,40
2/8/1997,19,29,14,62
2/9/1997,17,31,21,69
2/10/1997,32,37,10,79
2/11/1997,29,33,7,69
2/12/1997,15,14,22,51
2/13/1997,22,25,10,57
2/14/1997,22,34,9,65
2/15/1997,18,19,12,49
2/16/1997,29,35,20,84
2/17/1997,27,24,17,68
2/18/1997,21,38,19,78
2/19/1997,21,28,14,63
2/20/1997,22,44,20,86
2/21/1997,16,23,7,46
2/22/1997,14,21,19,54
2/23/1997,18,28,23,69
2/24/1997,24,30,12,66
2/25/1997,24,34,21,79
2/26/1997,24,24,21,69
2/27/1997,20,32,15,67
2/28/1997,23,13,19,55
3/1/1997,23,29,16,68
3/2/1997,20,29,13,62
3/3/1997,22,29,16,67
3/4/1997,16,23,17,56
3/5/1997,29,18,9,56
3/6/1997,20,13,11,44
3/7/1997,23,42,20,85
3/8/1997,18,28,22,68
3/9/1997,28,23,20,71
3/10/1997,22,32,24,78
3/11/1997,20,20,19,59
3/12/1997,18,21,20,59
3/13/1997,16,32,14,62
3/14/1997,24,18,22,64
3/15/1997,15,24,22,61
3/16/1997,20,16,20,56
3/17/1997,26,26,21,73
3/18/1997,23,25,11,59
3/19/1997,9,30,12,51
3/20/1997,16,25,21,62
3/21/1997,25,21,25,71
3/22/1997,19,23,25,67
3/23/1997,22,29,22,73
3/24/1997,20,30,21,71
3/25/1997,18,30,13,61
3/26/1997,16,33,12,61
3/27/1997,16,24,24,64
3/28/1997,16,28,15,59
3/29/1997,19,19,7,45
3/30/1997,25,18,20,63
3/31/1997,26,33,21,80
4/1/1997,24,18,14,56
4/2/1997,25,25,17,67
4/3/1997,17,31,24,72
4/4/1997,27,24,8,59
4/5/1997,26,35,21,82
4/6/1997,11,28,23,62
4/7/1997,18,35,20,73
4/8/1997,20,30,18,68
4/9/1997,22,27,17,66
4/10/1997,16,26,15,57
4/11/1997,19,21,21,61
4/12/1997,21,30,17,68
4/13/1997,15,16,19,50
4/14/1997,25,30,19,74
4/15/1997,21,25,21,67
4/16/1997,17,18,13,48
4/17/1997,19,30,9,58
4/18/1997,27,14,21,62
4/19/1997,14,16,23,53
4/20/1997,18,36,19,73
4/21/1997,24,40,14,78
4/22/1997,22,28,10,60
4/23/1997,18,29,11,58
4/24/1997,19,30,21,70
4/25/1997,17,37,13,67
4/26/1997,27,22,12,61
4/27/1997,14,16,12,42
4/28/1997,17,22,20,59
4/29/1997,15,29,26,70
4/30/1997,18,24,25,67
5/1/1997,17,19,11,47
5/2/1997,10,20,10,40
5/3/1997,18,41,16,75
5/4/1997,19,29,13,61
5/5/1997,22,42,18,82
5/6/1997,15,24,17,56
5/7/1997,18,28,24,70
5/8/1997,9,21,17,47
5/9/1997,22,21,24,67
5/10/1997,21,10,8,39
5/11/1997,17,27,8,52
5/12/1997,19,35,17,71
5/13/1997,18,36,11,65
5/14/1997,29,38,12,79
5/15/1997,12,23,19,54
5/16/1997,13,26,18,57
5/17/1997,20,34,16,70
5/18/1997,25,29,22,76
5/19/1997,15,31,9,55
5/20/1997,28,23,11,62
5/21/1997,29,37,25,91
5/22/1997,14,29,25,68
5/23/1997,15,23,23,61
5/24/1997,22,20,9,51
5/25/1997,25,25,17,67
5/26/1997,7,26,17,50
5/27/1997,17,23,13,53
5/28/1997,24,38,24,86
5/29/1997,12,12,25,49
5/30/1997,13,29,26,68
5/31/1997,15,28,18,61
6/1/1997,26,40,21,87
6/2/1997,16,23,12,51
6/3/1997,16,25,10,51
6/4/1997,17,26,13,56
6/5/1997,15,35,7,57
6/6/1997,17,21,14,52
6/7/1997,23,43,21,87
6/8/1997,27,34,15,76
6/9/1997,16,36,9,61
6/10/1997,19,30,23,72
6/11/1997,21,29,19,69
6/12/1997,21,16,19,56
6/13/1997,8,25,9,42
6/14/1997,10,20,16,46
6/15/1997,24,38,7,69
6/16/1997,21,18,25,64
6/17/1997,19,23,5,47
6/18/1997,17,26,19,62
6/19/1997,17,34,22,73
6/20/1997,15,19,14,48
6/21/1997,16,32,20,68
6/22/1997,26,37,20,83
6/23/1997,19,39,21,79
6/24/1997,26,36,20,82
6/25/1997,16,35,20,71
6/26/1997,20,15,10,45
6/27/1997,16,31,8,55
6/28/1997,21,19,20,60
6/29/1997,19,33,12,64
6/30/1997,24,35,16,75
7/1/1997,9,27,17,53
7/2/1997,8,20,21,49
7/3/1997,12,40,21,73
7/4/1997,21,18,12,51
7/5/1997,14,13,9,36
7/6/1997,24,25,14,63
7/7/1997,29,11,22,62
7/8/1997,13,23,15,51
7/9/1997,18,19,16,53
7/10/1997,24,22,28,74
7/11/1997,19,14,20,53
7/12/1997,17,27,12,56
7/13/1997,20,17,17,54
7/14/1997,17,32,6,55
7/15/1997,21,23,14,58
7/16/1997,25,36,22,83
7/17/1997,18,22,18,58
7/18/1997,11,37,15,63
7/19/1997,21,32,14,67
7/20/1997,10,19,19,48
7/21/1997,24,27,16,67
7/22/1997,15,29,16,60
7/23/1997,13,33,13,59
7/24/1997,17,35,24,76
7/25/1997,23,22,9,54
7/26/1997,16,39,25,80
7/27/1997,24,25,25,74
7/28/1997,11,18,11,40
7/29/1997,28,23,7,58
7/30/1997,14,12,15,41
7/31/1997,17,28,20,65
8/1/1997,20,21,18,59
8/2/1997,19,30,15,64
8/3/1997,30,6,19,55
8/4/1997,20,21,18,59
8/5/1997,16,22,19,57
8/6/1997,14,40,5,59
8/7/1997,10,26,22,58
8/8/1997,28,45,17,90
8/9/1997,20,24,13,57
8/10/1997,22,35,19,76
8/11/1997,19,30,11,60
8/12/1997,29,24,23,76
8/13/1997,10,33,13,56
8/14/1997,26,41,18,85
8/15/1997,17,25,14,56
8/16/1997,20,14,20,54
8/17/1997,27,27,16,70
8/18/1997,21,43,19,83
8/19/1997,10,18,27,55
8/20/1997,22,10,15,47
8/21/1997,20,25,20,65
8/22/1997,22,11,20,53
8/23/1997,16,13,21,50
8/24/1997,17,30,21,68
8/25/1997,20,28,11,59
8/26/1997,14,29,21,64
8/27/1997,17,11,11,39
8/28/1997,22,17,21,60
8/29/1997,13,19,26,58
8/30/1997,27,36,21,84
8/31/1997,14,32,8,54
9/1/1997,15,20,14,49
9/2/1997,29,15,16,60
9/3/1997,27,30,19,76
9/4/1997,27,37,24,88
9/5/1997,22,32,15,69
9/6/1997,22,23,23,68
9/7/1997,14,41,10,65
9/8/1997,21,30,15,66
9/9/1997,18,16,18,52
9/10/1997,18,30,12,60
9/11/1997,22,15,15,52
9/12/1997,12,38,15,65
9/13/1997,11,24,16,51
9/14/1997,32,27,11,70
9/15/1997,17,34,26,77
9/16/1997,23,25,13,61
9/17/1997,14,32,17,63
9/18/1997,17,34,17,68
9/19/1997,15,20,20,55
9/20/1997,18,29,14,61
9/21/1997,24,19,12,55
9/22/1997,18,41,13,72
9/23/1997,30,30,24,84
9/24/1997,17,30,8,55
9/25/1997,18,30,18,66
9/26/1997,26,34,12,72
9/27/1997,21,21,9,51
9/28/1997,27,37,21,85
9/29/1997,17,28,20,65
9/30/1997,19,39,10,68
10/1/1997,24,27,9,60
10/2/1997,23,26,13,62
10/3/1997,14,30,21,65
10/4/1997,24,33,13,70
10/5/1997,19,25,21,65
10/6/1997,17,30,12,59
10/7/1997,29,39,16,84
10/8/1997,27,40,11,78
10/9/1997,18,30,27,75
10/10/1997,23,30,13,66
10/11/1997,26,27,11,64
10/12/1997,23,16,19,58
10/13/1997,18,35,23,76
10/14/1997,18,19,20,57
10/15/1997,28,16,11,55
10/16/1997,21,37,19,77
10/17/1997,9,24,15,48
10/18/1997,31,35,17,83
10/19/1997,21,32,13,66
10/20/1997,28,29,20,77
10/21/1997,16,35,16,67
10/22/1997,16,31,6,53
10/23/1997,25,23,23,71
10/24/1997,16,35,23,74
10/25/1997,21,30,13,64
10/26/1997,25,34,10,69
10/27/1997,24,23,19,66
10/28/1997,24,30,7,61
10/29/1997,19,27,8,54
10/30/1997,28,21,21,70
10/31/1997,22,10,15,47
11/1/1997,17,30,20,67
11/2/1997,21,26,19,66
11/3/1997,28,24,23,75
11/4/1997,14,27,15,56
11/5/1997,26,28,14,68
11/6/1997,21,24,18,63
11/7/1997,28,29,12,69
11/8/1997,25,27,12,64
11/9/1997,21,16,14,51
11/10/1997,11,27,13,51
11/11/1997,22,31,24,77
11/12/1997,10,34,13,57
11/13/1997,24,32,21,77
11/14/1997,26,28,22,76
11/15/1997,9,10,12,31
11/16/1997,19,20,22,61
11/17/1997,25,29,21,75
11/18/1997,12,15,16,43
11/19/1997,14,28,19,61
11/20/1997,23,21,19,63
11/21/1997,16,30,15,61
11/22/1997,24,32,19,75
11/23/1997,20,24,21,65
11/24/1997,26,24,11,61
11/25/1997,23,22,17,62
11/26/1997,15,13,22,50
11/27/1997,22,33,18,73
11/28/1997,20,24,27,71
11/29/1997,20,33,20,73
11/30/1997,16,34,20,70
12/1/1997,23,27,16,66
12/2/1997,29,36,16,81
12/3/1997,24,30,22,76
12/4/1997,21,30,24,75
12/5/1997,24,22,18,64
12/6/1997,26,20,11,57
12/7/1997,20,32,18,70
12/8/1997,9,13,6,28
12/9/1997,21,24,19,64
12/10/1997,25,20,23,68
12/11/1997,20,24,20,64
12/12/1997,25,26,17,68
12/13/1997,22,31,8,61
12/14/1997,22,35,8,65
12/15/1997,32,22,18,72
12/16/1997,18,44,20,82
12/17/1997,18,28,17,63
12/18/1997,16,40,9,65
12/19/1997,10,28,17,55
12/20/1997,11,26,9,46
12/21/1997,16,33,20,69
12/22/1997,24,25,18,67
12/23/1997,11,24,18,53
12/24/1997,19,26,20,65
12/25/1997,12,36,15,63
12/26/1997,13,39,25,77
12/27/1997,16,25,19,60
12/28/1997,12,28,9,49
12/29/1997,18,26,17,61
12/30/1997,21,23,16,60
12/31/1997,17,29,19,65
1/1/1998,21,32,13,66
1/2/1998,24,28,21,73
1/3/1998,13,42,19,74
1/4/1998,19,38,11,68
1/5/1998,23,39,4,66
1/6/1998,26,31,14,71
1/7/1998,16,33,24,73
1/8/1998,24,17,24,65
1/9/1998,16,19,13,48
1/10/1998,23,23,25,71
1/11/1998,22,28,11,61
1/12/1998,19,25,26,70
1/13/1998,24,40,22,86
1/14/1998,22,24,10,56
1/15/1998,23,23,15,61
1/16/1998,25,21,19,65
1/17/1998,23,28,10,61
1/18/1998,20,28,25,73
1/19/1998,20,26,21,67
1/20/1998,26,43,17,86
1/21/1998,18,26,15,59
1/22/1998,14,12,16,42
1/23/1998,18,28,11,57
1/24/1998,29,23,16,68
1/25/1998,28,20,21,69
1/26/1998,23,30,15,68
1/27/1998,20,21,13,54
1/28/1998,11,22,13,46
1/29/1998,15,21,13,49
1/30/1998,21,27,19,67
1/31/1998,10,21,19,50
2/1/1998,18,32,18,68
2/2/1998,10,24,15,49
2/3/1998,23,37,22,82
2/4/1998,12,19,21,52
2/5/1998,18,41,8,67
2/6/1998,19,10,15,44
2/7/1998,21,27,24,72
2/8/1998,17,24,16,57
2/9/1998,25,11,16,52
2/10/1998,22,30,11,63
2/11/1998,15,41,12,68
2/12/1998,14,38,21,73
2/13/1998,18,36,10,64
2/14/1998,19,19,18,56
2/15/1998,10,18,19,47
2/16/1998,19,17,10,46
2/17/1998,20,41,21,82
2/18/1998,19,40,17,76
2/19/1998,16,30,28,74
2/20/1998,22,33,23,78
2/21/1998,11,21,17,49
2/22/1998,23,31,19,73
2/23/1998,23,28,12,63
2/24/1998,15,16,28,59
2/25/1998,13,17,16,46
2/26/1998,13,38,16,67
2/27/1998,21,43,22,86
2/28/1998,17,36,10,63
3/1/1998,21,25,17,63
3/2/1998,24,17,17,58
3/3/1998,25,27,19,71
3/4/1998,18,22,13,53
3/5/1998,19,33,15,67
3/6/1998,16,14,13,43
3/7/1998,31,35,12,78
3/8/1998,19,18,14,51
3/9/1998,10,25,24,59
3/10/1998,17,21,22,60
3/11/1998,28,18,19,65
3/12/1998,11,29,16,56
3/13/1998,16,22,10,48
3/14/1998,18,16,11,45
3/15/1998,15,26,25,66
3/16/1998,13,36,23,72
3/17/1998,24,34,19,77
3/18/1998,26,20,20,66
3/19/1998,19,18,20,57
3/20/1998,19,43,21,83
3/21/1998,21,28,24,73
3/22/1998,20,17,16,53
3/23/1998,16,25,18,59
3/24/1998,16,33,17,66
3/25/1998,15,27,21,63
3/26/1998,20,21,19,60
3/27/1998,19,34,10,63
3/28/1998,13,33,20,66
3/29/1998,29,35,18,82
3/30/1998,19,30,15,64
3/31/1998,20,28,18,66
4/1/1998,9,25,12,46
4/2/1998,17,29,7,53
4/3/1998,22,17,20,59
4/4/1998,15,17,17,49
4/5/1998,14,19,9,42
4/6/1998,16,37,18,71
4/7/1998,19,19,20,58
4/8/1998,13,24,17,54
4/9/1998,12,38,11,61
4/10/1998,22,35,16,73
4/11/1998,13,23,23,59
4/12/1998,25,22,20,67
4/13/1998,13,30,8,51
4/14/1998,22,22,18,62
4/15/1998,26,33,18,77
4/16/1998,13,21,20,54
4/17/1998,16,23,20,59
4/18/1998,20,16,20,56
4/19/1998,13,35,14,62
4/20/1998,20,27,15,62
4/21/1998,23,30,21,74
4/22/1998,25,39,18,82
4/23/1998,20,37,19,76
4/24/1998,27,23,13,63
4/25/1998,24,29,11,64
4/26/1998,16,20,10,46
4/27/1998,19,16,20,55
4/28/1998,17,38,17,72
4/29/1998,24,17,19,60
4/30/1998,20,26,16,62
5/1/1998,30,20,19,69
5/2/1998,28,29,10,67
5/3/1998,19,30,9,58
5/4/1998,24,33,13,70
5/5/1998,19,18,13,50
5/6/1998,22,28,20,70
5/7/1998,25,37,19,81
5/8/1998,24,32,19,75
5/9/1998,25,32,19,76
5/10/1998,18,26,21,65
5/11/1998,24,24,16,64
5/12/1998,22,40,12,74
5/13/1998,12,29,22,63
5/14/1998,26,35,14,75
5/15/1998,17,41,18,76
5/16/1998,12,46,21,79
5/17/1998,21,29,23,73
5/18/1998,12,44,23,79
5/19/1998,17,26,20,63
5/20/1998,26,34,13,73
5/21/1998,20,17,7,44
5/22/1998,14,22,19,55
5/23/1998,18,34,19,71
5/24/1998,14,30,12,56
5/25/1998,19,20,15,54
5/26/1998,22,28,20,70
5/27/1998,20,22,24,66
5/28/1998,10,26,8,44
5/29/1998,13,22,19,54
5/30/1998,28,37,20,85
5/31/1998,22,26,12,60
6/1/1998,26,26,18,70
6/2/1998,25,35,22,82
6/3/1998,24,27,12,63
6/4/1998,27,20,16,63
6/5/1998,17,30,12,59
6/6/1998,25,21,17,63
6/7/1998,10,31,16,57
6/8/1998,18,35,9,62
6/9/1998,16,40,13,69
6/10/1998,24,8,25,57
6/11/1998,23,18,8,49
6/12/1998,17,41,18,76
6/13/1998,25,25,7,57
6/14/1998,16,22,15,53
6/15/1998,21,24,16,61
6/16/1998,18,21,16,55
6/17/1998,15,37,21,73
6/18/1998,25,20,21,66
6/19/1998,20,31,24,75
6/20/1998,19,35,13,67
6/21/1998,15,24,16,55
6/22/1998,17,6,25,48
6/23/1998,11,22,12,45
6/24/1998,25,19,24,68
6/25/1998,16,41,12,69
6/26/1998,30,35,12,77
6/27/1998,23,29,22,74
6/28/1998,21,20,21,62
6/29/1998,19,38,21,78
6/30/1998,26,20,16,62
7/1/1998,20,13,15,48
7/2/1998,24,25,22,71
7/3/1998,13,47,12,72
7/4/1998,16,12,10,38
7/5/1998,15,34,9,58
7/6/1998,18,35,20,73
7/7/1998,24,34,10,68
7/8/1998,15,29,23,67
7/9/1998,23,28,19,70
7/10/1998,11,43,24,78
7/11/1998,26,21,20,67
7/12/1998,18,28,26,72
7/13/1998,15,35,23,73
7/14/1998,22,15,13,50
7/15/1998,23,19,10,52
7/16/1998,22,20,20,62
7/17/1998,29,29,10,68
7/18/1998,25,29,14,68
7/19/1998,17,34,6,57
7/20/1998,23,23,18,64
7/21/1998,19,30,15,64
7/22/1998,18,20,24,62
7/23/1998,20,27,11,58
7/24/1998,20,38,23,81
7/25/1998,11,28,21,60
7/26/1998,18,23,11,52
7/27/1998,17,19,19,55
7/28/1998,20,22,12,54
7/29/1998,16,17,16,49
7/30/1998,16,30,21,67
7/31/1998,15,32,12,59
8/1/1998,21,25,17,63
8/2/1998,29,27,9,65
8/3/1998,18,29,23,70
8/4/1998,20,27,15,62
8/5/1998,21,37,10,68
8/6/1998,16,25,6,47
8/7/1998,18,19,7,44
8/8/1998,22,29,19,70
8/9/1998,19,27,19,65
8/10/1998,24,22,20,66
8/11/1998,16,22,17,55
8/12/1998,14,36,14,64
8/13/1998,20,31,21,72
8/14/1998,24,24,9,57
8/15/1998,24,29,8,61
8/16/1998,14,24,11,49
8/17/1998,23,14,11,48
8/18/1998,12,17,11,40
8/19/1998,19,16,13,48
8/20/1998,21,39,13,73
8/21/1998,30,38,16,84
8/22/1998,18,19,17,54
8/23/1998,11,35,10,56
8/24/1998,20,27,23,70
8/25/1998,27,24,16,67
8/26/1998,16,31,16,63
8/27/1998,13,32,19,64
8/28/1998,20,22,12,54
8/29/1998,16,39,12,67
8/30/1998,15,14,19,48
8/31/1998,22,37,10,69
9/1/1998,16,27,16,59
9/2/1998,23,27,16,66
9/3/1998,12,35,19,66
9/4/1998,21,24,22,67
9/5/1998,18,16,12,46
9/6/1998,23,28,10,61
9/7/1998,22,37,20,79
9/8/1998,23,18,15,56
9/9/1998,25,27,20,72
9/10/1998,22,14,16,52
9/11/1998,20,34,5,59
9/12/1998,20,33,18,71
9/13/1998,23,29,13,65
9/14/1998,19,28,17,64
9/15/1998,19,17,20,56
9/16/1998,21,14,11,46
9/17/1998,23,20,18,61
9/18/1998,23,32,13,68
9/19/1998,22,30,7,59
9/20/1998,25,16,15,56
9/21/1998,21,35,9,65
9/22/1998,27,41,18,86
9/23/1998,16,22,15,53
9/24/1998,19,11,19,49
9/25/1998,18,21,15,54
9/26/1998,14,26,14,54
9/27/1998,25,35,9,69
9/28/1998,27,33,15,75
9/29/1998,13,36,18,67
9/30/1998,22,35,13,70
10/1/1998,22,28,12,62
10/2/1998,16,23,22,61
10/3/1998,17,40,20,77
10/4/1998,18,18,23,59
10/5/1998,22,14,24,60
10/6/1998,16,22,18,56
10/7/1998,13,21,15,49
10/8/1998,25,34,14,73
10/9/1998,24,31,15,70
10/10/1998,17,30,16,63
10/11/1998,29,25,21,75
10/12/1998,25,24,19,68
10/13/1998,19,26,13,58
10/14/1998,17,25,18,60
10/15/1998,24,22,14,60
10/16/1998,12,20,12,44
10/17/1998,17,39,11,67
10/18/1998,15,32,11,58
10/19/1998,22,15,20,57
10/20/1998,21,26,16,63
10/21/1998,19,34,17,70
10/22/1998,18,24,21,63
10/23/1998,27,30,21,78
10/24/1998,29,21,14,64
10/25/1998,19,15,12,46
10/26/1998,15,27,11,53
10/27/1998,18,13,4,35
10/28/1998,24,35,20,79
10/29/1998,16,39,12,67
10/30/1998,17,32,11,60
10/31/1998,21,37,13,71
11/1/1998,26,32,21,79
11/2/1998,23,25,13,61
11/3/1998,16,27,14,57
11/4/1998,20,17,10,47
11/5/1998,10,35,11,56
11/6/1998,15,25,11,51
11/7/1998,23,34,12,69
11/8/1998,9,28,24,61
11/9/1998,17,30,23,70
11/10/1998,18,25,15,58
11/11/1998,20,35,15,70
11/12/1998,23,28,18,69
11/13/1998,23,42,14,79
11/14/1998,21,23,10,54
11/15/1998,24,8,17,49
11/16/1998,30,40,22,92
11/17/1998,19,13,17,49
11/18/1998,14,32,13,59
11/19/1998,16,28,18,62
11/20/1998,15,44,19,78
11/21/1998,24,26,12,62
11/22/1998,27,33,13,73
11/23/1998,25,21,15,61
11/24/1998,28,19,9,56
11/25/1998,21,33,11,65
11/26/1998,29,41,8,78
11/27/1998,10,20,21,51
11/28/1998,24,21,13,58
11/29/1998,20,26,20,66
11/30/1998,15,31,17,63
12/1/1998,30,13,20,63
12/2/1998,23,27,15,65
12/3/1998,25,34,19,78
12/4/1998,16,23,24,63
12/5/1998,17,34,21,72
12/6/1998,25,31,19,75
12/7/1998,17,13,24,54
12/8/1998,13,9,7,29
12/9/1998,19,16,6,41
12/10/1998,20,21,21,62
12/11/1998,19,20,11,50
12/12/1998,16,38,9,63
12/13/1998,24,19,16,59
12/14/1998,19,27,16,62
12/15/1998,25,18,9,52
12/16/1998,27,28,18,73
12/17/1998,24,28,20,72
12/18/1998,10,24,11,45
12/19/1998,16,19,18,53
12/20/1998,20,23,16,59
12/21/1998,23,25,25,73
12/22/1998,9,38,17,64
12/23/1998,25,24,17,66
12/24/1998,15,30,23,68
12/25/1998,25,34,13,72
12/26/1998,19,29,18,66
12/27/1998,18,39,13,70
12/28/1998,26,37,12,75
12/29/1998,21,24,23,68
12/30/1998,20,34,14,68
12/31/1998,22,31,19,72
1/1/1999,27,29,5,61
1/2/1999,14,31,11,56
1/3/1999,20,38,19,77
1/4/1999,20,28,21,69
1/5/1999,9,24,24,57
1/6/1999,29,33,24,86
1/7/1999,20,24,16,60
1/8/1999,15,31,12,58
1/9/1999,20,29,21,70
1/10/1999,14,33,16,63
1/11/1999,16,25,16,57
1/12/1999,23,23,24,70
1/13/1999,31,25,16,72
1/14/1999,17,32,18,67
1/15/1999,17,37,14,68
1/16/1999,13,15,13,41
1/17/1999,17,28,13,58
1/18/1999,18,35,19,72
1/19/1999,24,11,24,59
1/20/1999,20,24,12,56
1/21/1999,16,15,10,41
1/22/1999,21,12,11,44
1/23/1999,26,32,13,71
1/24/1999,17,27,11,55
1/25/1999,20,26,12,58
1/26/1999,26,13,25,64
1/27/1999,10,36,10,56
1/28/1999,11,33,10,54
1/29/1999,14,26,24,64
1/30/1999,12,38,23,73
1/31/1999,22,16,19,57
2/1/1999,15,17,18,50
2/2/1999,8,40,13,61
2/3/1999,24,15,13,52
2/4/1999,20,32,16,68
2/5/1999,25,32,13,70
2/6/1999,22,15,13,50
2/7/1999,18,29,12,59
2/8/1999,20,30,16,66
2/9/1999,18,36,23,77
2/10/1999,17,35,21,73
2/11/1999,22,36,14,72
2/12/1999,18,19,20,57
2/13/1999,7,35,10,52
2/14/1999,19,23,20,62
2/15/1999,17,22,13,52
2/16/1999,10,33,13,56
2/17/1999,27,28,13,68
2/18/1999,17,19,20,56
2/19/1999,20,23,11,54
2/20/1999,22,28,19,69
2/21/1999,27,17,23,67
2/22/1999,18,34,8,60
2/23/1999,27,27,16,70
2/24/1999,31,26,11,68
2/25/1999,19,28,23,70
2/26/1999,24,17,26,67
2/27/1999,19,32,21,72
2/28/1999,21,36,8,65
3/1/1999,10,39,21,70
3/2/1999,22,29,14,65
3/3/1999,14,42,12,68
3/4/1999,12,36,10,58
3/5/1999,20,38,6,64
3/6/1999,19,23,14,56
3/7/1999,21,24,16,61
3/8/1999,17,40,14,71
3/9/1999,14,30,9,53
3/10/1999,15,14,21,50
3/11/1999,15,32,7,54
3/12/1999,20,27,6,53
3/13/1999,26,31,17,74
3/14/1999,17,34,12,63
3/15/1999,19,21,18,58
3/16/1999,20,28,25,73
3/17/1999,15,38,6,59
3/18/1999,16,20,24,60
3/19/1999,22,25,23,70
3/20/1999,16,24,21,61
3/21/1999,20,26,16,62
3/22/1999,20,16,11,47
3/23/1999,24,21,12,57
3/24/1999,13,38,17,68
3/25/1999,24,34,11,69
3/26/1999,21,27,17,65
3/27/1999,17,31,21,69
3/28/1999,26,42,20,88
3/29/1999,29,31,16,76
3/30/1999,22,26,14,62
3/31/1999,15,13,19,47
4/1/1999,23,16,15,54
4/2/1999,31,31,23,85
4/3/1999,21,24,11,56
4/4/1999,18,27,10,55
4/5/1999,25,30,18,73
4/6/1999,21,33,17,71
4/7/1999,17,28,20,65
4/8/1999,16,23,22,61
4/9/1999,16,16,15,47
4/10/1999,18,34,25,77
4/11/1999,14,35,16,65
4/12/1999,24,24,19,67
4/13/1999,23,26,10,59
4/14/1999,21,35,16,72
4/15/1999,23,30,7,60
4/16/1999,16,38,19,73
4/17/1999,23,20,22,65
4/18/1999,26,34,13,73
4/19/1999,19,31,15,65
4/20/1999,19,17,15,51
4/21/1999,14,22,15,51
4/22/1999,17,31,17,65
4/23/1999,25,29,8,62
4/24/1999,15,21,21,57
4/25/1999,15,41,22,78
4/26/1999,10,21,24,55
4/27/1999,15,33,25,73
4/28/1999,26,27,11,64
4/29/1999,18,32,16,66
4/30/1999,19,18,21,58
5/1/1999,17,24,4,45
5/2/1999,16,27,22,65
5/3/1999,11,26,11,48
5/4/1999,21,40,19,80
5/5/1999,11,21,18,50
5/6/1999,17,29,20,66
5/7/1999,15,37,20,72
5/8/1999,15,40,15,70
5/9/1999,12,42,15,69
5/10/1999,21,24,9,54
5/11/1999,24,20,13,57
5/12/1999,11,32,11,54
5/13/1999,10,16,22,48
5/14/1999,22,11,17,50
5/15/1999,15,24,16,55
5/16/1999,21,26,10,57
5/17/1999,12,22,19,53
5/18/1999,15,34,17,66
5/19/1999,19,38,23,80
5/20/1999,26,26,17,69
5/21/1999,14,14,10,38
5/22/1999,25,22,18,65
5/23/1999,23,13,21,57
5/24/1999,23,40,11,74
5/25/1999,21,29,24,74
5/26/1999,19,29,12,60
5/27/1999,16,24,17,57
5/28/1999,10,29,26,65
5/29/1999,33,33,19,85
5/30/1999,21,12,9,42
5/31/1999,21,23,14,58
6/1/1999,8,27,15,50
6/2/1999,15,20,18,53
6/3/1999,21,23,25,69
6/4/1999,15,26,18,59
6/5/1999,17,16,16,49
6/6/1999,11,23,25,59
6/7/1999,16,34,13,63
6/8/1999,23,40,24,87
6/9/1999,19,41,6,66
6/10/1999,22,19,20,61
6/11/1999,18,17,25,60
6/12/1999,18,36,14,68
6/13/1999,21,31,18,70
6/14/1999,22,27,17,66
6/15/1999,11,37,20,68
6/16/1999,20,19,19,58
6/17/1999,18,27,18,63
6/18/1999,16,18,22,56
6/19/1999,28,22,19,69
6/20/1999,21,29,14,64
6/21/1999,14,29,7,50
6/22/1999,13,21,18,52
6/23/1999,8,12,14,34
6/24/1999,22,14,18,54
6/25/1999,14,31,21,66
6/26/1999,14,14,8,36
6/27/1999,25,20,9,54
6/28/1999,10,36,17,63
6/29/1999,16,41,22,79
6/30/1999,31,25,5,61
7/1/1999,16,30,25,71
7/2/1999,26,30,19,75
7/3/1999,21,27,18,66
7/4/1999,13,34,17,64
7/5/1999,19,36,20,75
7/6/1999,17,19,13,49
7/7/1999,26,27,24,77
7/8/1999,19,26,24,69
7/9/1999,23,30,19,72
7/10/1999,17,14,20,51
7/11/1999,24,35,13,72
7/12/1999,19,28,23,70
7/13/1999,21,36,21,78
7/14/1999,16,33,13,62
7/15/1999,21,36,23,80
7/16/1999,13,34,10,57
7/17/1999,22,24,17,63
7/18/1999,19,39,15,73
7/19/1999,16,35,11,62
7/20/1999,21,10,22,53
7/21/1999,28,25,13,66
7/22/1999,21,36,12,69
7/23/1999,24,24,19,67
7/24/1999,27,21,16,64
7/25/1999,22,32,4,58
7/26/1999,15,12,15,42
7/27/1999,24,29,18,71
7/28/1999,19,32,16,67
7/29/1999,22,26,15,63
7/30/1999,12,24,24,60
7/31/1999,29,23,24,76
8/1/1999,18,39,17,74
8/2/1999,28,26,14,68
8/3/1999,19,26,11,56
8/4/1999,20,23,13,56
8/5/1999,22,26,18,66
8/6/1999,18,27,19,64
8/7/1999,12,26,20,58
8/8/1999,15,34,23,72
8/9/1999,12,23,8,43
8/10/1999,25,28,23,76
8/11/1999,20,21,8,49
8/12/1999,19,26,17,62
8/13/1999,25,37,15,77
8/14/1999,23,29,19,71
8/15/1999,20,29,16,65
8/16/1999,18,27,26,71
8/17/1999,29,25,22,76
8/18/1999,19,28,26,73
8/19/1999,22,35,21,78
8/20/1999,22,15,8,45
8/21/1999,18,26,15,59
8/22/1999,21,24,16,61
8/23/1999,21,21,19,61
8/24/1999,12,33,17,62
8/25/1999,10,42,22,74
8/26/1999,20,22,24,66
8/27/1999,12,26,17,55
8/28/1999,17,21,20,58
8/29/1999,23,15,11,49
8/30/1999,17,20,15,52
8/31/1999,20,34,18,72
9/1/1999,19,34,19,72
9/2/1999,11,24,11,46
9/3/1999,19,31,15,65
9/4/1999,12,17,14,43
9/5/1999,19,13,23,55
9/6/1999,10,25,11,46
9/7/1999,21,28,6,55
9/8/1999,22,31,18,71
9/9/1999,25,17,22,64
9/10/1999,23,23,10,56
9/11/1999,29,29,11,69
9/12/1999,11,30,10,51
9/13/1999,25,40,25,90
9/14/1999,27,19,18,64
9/15/1999,14,30,11,55
9/16/1999,16,25,15,56
9/17/1999,22,29,23,74
9/18/1999,29,32,15,76
9/19/1999,19,28,15,62
9/20/1999,23,7,23,53
9/21/1999,20,37,19,76
9/22/1999,17,35,19,71
9/23/1999,20,30,19,69
9/24/1999,19,38,21,78
9/25/1999,17,27,12,56
9/26/1999,10,32,19,61
9/27/1999,12,35,13,60
9/28/1999,27,32,22,81
9/29/1999,10,17,22,49
9/30/1999,18,32,8,58
10/1/1999,29,32,15,76
10/2/1999,14,24,24,62
10/3/1999,19,15,23,57
10/4/1999,24,14,16,54
10/5/1999,25,26,16,67
10/6/1999,26,28,11,65
10/7/1999,14,25,19,58
10/8/1999,21,35,19,75
10/9/1999,11,27,9,47
10/10/1999,20,30,21,71
10/11/1999,21,22,11,54
10/12/1999,15,31,23,69
10/13/1999,11,26,18,55
10/14/1999,18,16,15,49
10/15/1999,26,21,14,61
10/16/1999,19,24,13,56
10/17/1999,25,16,14,55
10/18/1999,21,30,27,78
10/19/1999,26,19,5,50
10/20/1999,28,21,24,73
10/21/1999,21,23,14,58
10/22/1999,19,33,12,64
10/23/1999,17,29,15,61
10/24/1999,26,32,25,83
10/25/1999,19,27,14,60
10/26/1999,17,31,21,69
10/27/1999,24,19,17,60
10/28/1999,14,29,23,66
10/29/1999,9,28,25,62
10/30/1999,19,15,12,46
10/31/1999,28,26,21,75
11/1/1999,17,38,16,71
11/2/1999,24,31,10,65
11/3/1999,25,30,14,69
11/4/1999,17,15,19,51
11/5/1999,22,38,14,74
11/6/1999,20,31,14,65
11/7/1999,11,23,12,46
11/8/1999,17,24,17,58
11/9/1999,18,43,7,68
11/10/1999,26,27,19,72
11/11/1999,8,15,5,28
11/12/1999,17,26,16,59
11/13/1999,27,27,12,66
11/14/1999,12,23,15,50
11/15/1999,22,32,22,76
11/16/1999,17,36,22,75
11/17/1999,16,22,22,60
11/18/1999,22,27,8,57
11/19/1999,23,29,11,63
11/20/1999,22,26,26,74
11/21/1999,28,18,18,64
11/22/1999,23,21,19,63
11/23/1999,22,35,17,74
11/24/1999,24,29,12,65
11/25/1999,25,22,12,59
11/26/1999,23,20,18,61
11/27/1999,18,26,25,69
11/28/1999,19,32,19,70
11/29/1999,13,21,10,44
11/30/1999,18,17,27,62
12/1/1999,16,24,16,56
12/2/1999,10,10,26,46
12/3/1999,29,29,14,72
12/4/1999,24,30,18,72
12/5/1999,20,25,14,59
12/6/1999,29,21,12,62
12/7/1999,16,25,20,61
12/8/1999,24,24,16,64
12/9/1999,12,35,18,65
12/10/1999,15,20,13,48
12/11/1999,19,31,9,59
12/12/1999,17,24,10,51
12/13/1999,12,35,18,65
12/14/1999,28,18,17,63
12/15/1999,26,26,20,72
12/16/1999,13,21,16,50
12/17/1999,14,20,25,59
12/18/1999,23,39,21,83
12/19/1999,8,33,19,60
12/20/1999,19,36,10,65
12/21/1999,21,21,20,62
12/22/1999,18,29,14,61
12/23/1999,23,20,18,61
12/24/1999,27,30,14,71
12/25/1999,22,27,17,66
12/26/1999,24,13,19,56
12/27/1999,20,36,20,76
12/28/1999,19,30,9,58
12/29/1999,27,20,16,63
12/30/1999,13,34,21,68
12/31/1999,24,27,13,64
1/1/2000,18,30,12,60
1/2/2000,19,43,15,77
1/3/2000,19,29,23,71
1/4/2000,20,30,22,72
1/5/2000,12,29,14,55
1/6/2000,19,31,23,73
1/7/2000,20,19,14,53
1/8/2000,17,31,19,67
1/9/2000,15,32,19,66
1/10/2000,15,17,19,51
1/11/2000,19,33,14,66
1/12/2000,19,32,17,68
1/13/2000,26,22,15,63
1/14/2000,22,40,12,74
1/15/2000,12,22,13,47
1/16/2000,26,32,19,77
1/17/2000,14,16,17,47
1/18/2000,18,36,14,68
1/19/2000,16,21,26,63
1/20/2000,27,28,11,66
1/21/2000,23,20,11,54
1/22/2000,17,17,26,60
1/23/2000,16,29,9,54
1/24/2000,20,30,15,65
1/25/2000,23,34,19,76
1/26/2000,20,30,18,68
1/27/2000,20,30,9,59
1/28/2000,26,34,21,81
1/29/2000,31,34,10,75
1/30/2000,16,34,21,71
1/31/2000,28,26,10,64
2/1/2000,30,30,27,87
2/2/2000,18,35,16,69
2/3/2000,22,15,8,45
2/4/2000,17,16,12,45
2/5/2000,16,23,8,47
2/6/2000,17,13,15,45
2/7/2000,9,32,24,65
2/8/2000,12,21,5,38
2/9/2000,21,17,24,62
2/10/2000,15,28,25,68
2/11/2000,21,42,4,67
2/12/2000,22,27,16,65
2/13/2000,12,33,10,55
2/14/2000,18,14,17,49
2/15/2000,32,20,16,68
2/16/2000,12,26,16,54
2/17/2000,11,31,4,46
2/18/2000,27,28,18,73
2/19/2000,21,35,12,68
2/20/2000,21,28,23,72
2/21/2000,17,26,17,60
2/22/2000,19,38,14,71
2/23/2000,21,28,21,70
2/24/2000,19,35,19,73
2/25/2000,13,38,21,72
2/26/2000,17,35,14,66
2/27/2000,20,36,19,75
2/28/2000,28,18,18,64
2/29/2000,17,19,13,49
3/1/2000,14,22,19,55
3/2/2000,19,30,9,58
3/3/2000,19,26,13,58
3/4/2000,19,27,26,72
3/5/2000,12,30,19,61
3/6/2000,16,23,26,65
3/7/2000,25,36,19,80
3/8/2000,14,28,24,66
3/9/2000,24,37,7,68
3/10/2000,27,19,14,60
3/11/2000,21,28,25,74
3/12/2000,29,27,24,80
3/13/2000,23,16,26,65
3/14/2000,14,25,21,60
3/15/2000,24,23,11,58
3/16/2000,17,32,20,69
3/17/2000,22,38,22,82
3/18/2000,21,26,10,57
3/19/2000,16,19,17,52
3/20/2000,23,16,18,57
3/21/2000,18,28,13,59
3/22/2000,25,29,15,69
3/23/2000,20,46,20,86
3/24/2000,16,42,10,68
3/25/2000,23,29,11,63
3/26/2000,20,29,12,61
3/27/2000,22,33,16,71
3/28/2000,11,39,22,72
3/29/2000,25,21,10,56
3/30/2000,20,25,19,64
3/31/2000,24,32,18,74
4/1/2000,17,32,19,68
4/2/2000,17,15,16,48
4/3/2000,10,31,16,57
4/4/2000,23,13,21,57
4/5/2000,23,37,20,80
4/6/2000,10,36,14,60
4/7/2000,21,22,14,57
4/8/2000,15,19,20,54
4/9/2000,13,23,24,60
4/10/2000,20,43,17,80
4/11/2000,16,28,8,52
4/12/2000,8,25,19,52
4/13/2000,17,27,23,67
4/14/2000,19,21,12,52
4/15/2000,20,22,16,58
4/16/2000,30,39,13,82
4/17/2000,21,39,17,77
4/18/2000,29,29,14,72
4/19/2000,13,28,21,62
4/20/2000,23,22,16,61
4/21/2000,26,36,19,81
4/22/2000,18,23,15,56
4/23/2000,31,30,18,79
4/24/2000,18,39,20,77
4/25/2000,16,33,16,65
4/26/2000,21,29,16,66
4/27/2000,28,22,11,61
4/28/2000,20,22,21,63
4/29/2000,25,10,20,55
4/30/2000,18,20,12,50
5/1/2000,16,23,23,62
5/2/2000,19,22,24,65
5/3/2000,12,26,17,55
5/4/2000,18,28,13,59
5/5/2000,24,15,16,55
5/6/2000,24,17,20,61
5/7/2000,21,31,16,68
5/8/2000,18,29,22,69
5/9/2000,30,20,10,60
5/10/2000,25,15,11,51
5/11/2000,21,17,14,52
5/12/2000,24,18,18,60
5/13/2000,24,33,17,74
5/14/2000,9,20,20,49
5/15/2000,28,20,23,71
5/16/2000,14,33,18,65
5/17/2000,12,30,8,50
5/18/2000,19,16,15,50
5/19/2000,24,16,19,59
5/20/2000,11,33,10,54
5/21/2000,22,29,19,70
5/22/2000,15,21,17,53
5/23/2000,15,23,23,61
5/24/2000,14,32,14,60
5/25/2000,17,32,20,69
5/26/2000,14,23,12,49
5/27/2000,23,30,22,75
5/28/2000,22,23,15,60
5/29/2000,20,21,20,61
5/30/2000,14,27,19,60
5/31/2000,15,23,18,56
6/1/2000,27,44,17,88
6/2/2000,27,29,19,75
6/3/2000,29,26,18,73
6/4/2000,26,20,10,56
6/5/2000,25,22,9,56
6/6/2000,18,13,11,42
6/7/2000,13,29,19,61
6/8/2000,18,26,13,57
6/9/2000,19,26,16,61
6/10/2000,20,25,22,67
6/11/2000,19,32,23,74
6/12/2000,14,33,17,64
6/13/2000,26,20,21,67
6/14/2000,14,38,18,70
6/15/2000,15,24,14,53
6/16/2000,9,35,6,50
6/17/2000,15,21,14,50
6/18/2000,22,27,19,68
6/19/2000,19,22,14,55
6/20/2000,22,21,19,62
6/21/2000,23,32,15,70
6/22/2000,21,20,17,58
6/23/2000,27,34,13,74
6/24/2000,26,33,24,83
6/25/2000,15,22,10,47
6/26/2000,26,24,21,71
6/27/2000,26,21,10,57
6/28/2000,26,31,14,71
6/29/2000,19,19,14,52
6/30/2000,23,28,17,68
7/1/2000,11,30,16,57
7/2/2000,18,31,17,66
7/3/2000,12,34,21,67
7/4/2000,15,21,22,58
7/5/2000,19,41,11,71
7/6/2000,13,22,14,49
7/7/2000,14,14,17,45
7/8/2000,17,21,14,52
7/9/2000,16,33,18,67
7/10/2000,23,25,20,68
7/11/2000,24,38,23,85
7/12/2000,25,11,19,55
7/13/2000,19,19,20,58
7/14/2000,29,27,16,72
7/15/2000,22,22,13,57
7/16/2000,23,42,20,85
7/17/2000,16,36,17,69
7/18/2000,19,27,20,66
7/19/2000,19,39,16,74
7/20/2000,12,29,17,58
7/21/2000,29,30,24,83
7/22/2000,24,23,15,62
7/23/2000,23,31,14,68
7/24/2000,23,40,10,73
7/25/2000,16,33,16,65
7/26/2000,29,26,22,77
7/27/2000,21,33,11,65
7/28/2000,22,13,26,61
7/29/2000,20,44,19,83
7/30/2000,23,28,13,64
7/31/2000,21,23,16,60
8/1/2000,20,28,21,69
8/2/2000,16,10,12,38
8/3/2000,12,40,21,73
8/4/2000,15,42,15,72
8/5/2000,22,21,16,59
8/6/2000,14,22,12,48
8/7/2000,20,40,18,78
8/8/2000,21,30,8,59
8/9/2000,18,28,19,65
8/10/2000,23,33,20,76
8/11/2000,25,26,8,59
8/12/2000,25,31,10,66
8/13/2000,31,24,25,80
8/14/2000,28,30,19,77
8/15/2000,20,16,13,49
8/16/2000,20,22,22,64
8/17/2000,15,33,13,61
8/18/2000,14,40,12,66
8/19/2000,21,22,21,64
8/20/2000,23,36,19,78
8/21/2000,24,33,22,79
8/22/2000,13,30,21,64
8/23/2000,24,21,19,64
8/24/2000,24,29,12,65
8/25/2000,13,15,15,43
8/26/2000,21,36,12,69
8/27/2000,28,14,6,48
8/28/2000,17,41,19,77
8/29/2000,15,29,18,62
8/30/2000,12,20,13,45
8/31/2000,10,23,27,60
9/1/2000,13,39,23,75
9/2/2000,22,32,17,71
9/3/2000,14,19,22,55
9/4/2000,27,22,11,60
9/5/2000,19,32,17,68
9/6/2000,23,32,21,76
9/7/2000,12,21,24,57
9/8/2000,18,32,15,65
9/9/2000,19,17,27,63
9/10/2000,22,25,22,69
9/11/2000,26,26,18,70
9/12/2000,18,20,22,60
9/13/2000,16,26,13,55
9/14/2000,20,37,16,73
9/15/2000,25,19,11,55
9/16/2000,22,30,14,66
9/17/2000,16,33,16,65
9/18/2000,24,26,22,72
9/19/2000,19,28,15,62
9/20/2000,24,25,10,59
9/21/2000,27,14,12,53
9/22/2000,19,21,13,53
9/23/2000,25,19,13,57
9/24/2000,24,19,15,58
9/25/2000,17,14,25,56
9/26/2000,13,36,22,71
9/27/2000,12,22,17,51
9/28/2000,15,24,25,64
9/29/2000,18,24,14,56
9/30/2000,18,24,22,64
10/1/2000,23,16,23,62
10/2/2000,27,36,24,87
10/3/2000,21,23,19,63
10/4/2000,13,25,18,56
10/5/2000,19,21,17,57
10/6/2000,11,26,25,62
10/7/2000,24,12,13,49
10/8/2000,24,23,23,70
10/9/2000,11,37,22,70
10/10/2000,15,33,9,57
10/11/2000,15,20,19,54
10/12/2000,18,23,10,51
10/13/2000,11,31,10,52
10/14/2000,19,30,11,60
10/15/2000,14,35,16,65
10/16/2000,18,25,13,56
10/17/2000,25,23,12,60
10/18/2000,17,28,12,57
10/19/2000,17,25,21,63
10/20/2000,11,21,7,39
10/21/2000,24,33,17,74
10/22/2000,19,23,10,52
10/23/2000,28,25,11,64
10/24/2000,16,14,25,55
10/25/2000,16,28,15,59
10/26/2000,26,28,26,80
10/27/2000,19,21,14,54
10/28/2000,10,39,18,67
10/29/2000,20,32,9,61
10/30/2000,22,36,7,65
10/31/2000,26,15,23,64
11/1/2000,18,19,12,49
11/2/2000,20,26,16,62
11/3/2000,20,19,12,51
11/4/2000,24,26,18,68
11/5/2000,21,22,14,57
11/6/2000,7,22,12,41
11/7/2000,24,38,15,77
11/8/2000,20,32,15,67
11/9/2000,13,24,15,52
11/10/2000,25,23,11,59
11/11/2000,28,35,24,87
11/12/2000,14,35,14,63
11/13/2000,20,30,15,65
11/14/2000,32,14,25,71
11/15/2000,21,25,20,66
11/16/2000,21,26,13,60
11/17/2000,23,18,14,55
11/18/2000,21,15,22,58
11/19/2000,16,8,26,50
11/20/2000,26,37,23,86
11/21/2000,21,23,11,55
11/22/2000,17,33,19,69
11/23/2000,25,23,21,69
11/24/2000,24,27,12,63
11/25/2000,16,29,12,57
11/26/2000,16,22,15,53
11/27/2000,29,27,16,72
11/28/2000,27,13,8,48
11/29/2000,22,22,18,62
11/30/2000,17,16,14,47
12/1/2000,9,18,23,50
12/2/2000,19,36,28,83
12/3/2000,21,34,15,70
12/4/2000,23,27,11,61
12/5/2000,16,32,11,59
12/6/2000,22,24,11,57
12/7/2000,22,39,11,72
12/8/2000,16,20,15,51
12/9/2000,17,37,15,69
12/10/2000,29,34,12,75
12/11/2000,19,27,17,63
12/12/2000,13,20,5,38
12/13/2000,22,31,15,68
12/14/2000,10,34,16,60
12/15/2000,17,22,14,53
12/16/2000,28,31,9,68
12/17/2000,22,18,15,55
12/18/2000,21,30,14,65
12/19/2000,19,27,13,59
12/20/2000,28,34,24,86
12/21/2000,19,36,12,67
12/22/2000,14,23,17,54
12/23/2000,19,33,7,59
12/24/2000,27,26,9,62
12/25/2000,30,11,23,64
12/26/2000,23,38,18,79
12/27/2000,16,35,19,70
12/28/2000,20,26,19,65
12/29/2000,16,28,15,59
12/30/2000,16,20,14,50
12/31/2000,9,36,20,65
1/1/2001,25,33,12,70
1/2/2001,16,29,22,67
1/3/2001,25,40,17,82
1/4/2001,25,23,18,66
1/5/2001,22,36,17,75
1/6/2001,16,29,20,65
1/7/2001,19,20,20,59
1/8/2001,15,31,18,64
1/9/2001,19,27,21,67
1/10/2001,23,17,13,53
1/11/2001,24,32,21,77
1/12/2001,26,33,18,77
1/13/2001,20,30,14,64
1/14/2001,12,34,23,69
1/15/2001,12,22,11,45
1/16/2001,23,32,12,67
1/17/2001,18,21,15,54
1/18/2001,12,17,13,42
1/19/2001,17,32,11,60
1/20/2001,17,30,14,61
1/21/2001,13,25,5,43
1/22/2001,19,25,14,58
1/23/2001,24,27,22,73
1/24/2001,22,37,25,84
1/25/2001,9,30,23,62
1/26/2001,26,20,6,52
1/27/2001,18,31,15,64
1/28/2001,12,27,23,62
1/29/2001,14,31,14,59
1/30/2001,23,31,13,67
1/31/2001,21,33,12,66
2/1/2001,15,34,14,63
2/2/2001,18,30,18,66
2/3/2001,20,33,19,72
2/4/2001,17,36,15,68
2/5/2001,20,25,15,60
2/6/2001,20,22,20,62
2/7/2001,28,35,13,76
2/8/2001,18,30,13,61
2/9/2001,11,26,18,55
2/10/2001,17,29,13,59
2/11/2001,17,30,15,62
2/12/2001,17,25,21,63
2/13/2001,25,22,14,61
2/14/2001,19,14,16,49
2/15/2001,26,29,12,67
2/16/2001,17,29,7,53
2/17/2001,16,27,27,70
2/18/2001,14,26,17,57
2/19/2001,19,26,22,67
2/20/2001,21,32,17,70
2/21/2001,27,29,12,68
2/22/2001,19,33,16,68
2/23/2001,9,17,8,34
2/24/2001,22,19,16,57
2/25/2001,11,35,27,73
2/26/2001,23,24,13,60
2/27/2001,13,26,11,50
2/28/2001,23,24,19,66
3/1/2001,12,21,19,52
3/2/2001,20,27,15,62
3/3/2001,22,19,13,54
3/4/2001,15,20,22,57
3/5/2001,19,26,23,68
3/6/2001,10,29,13,52
3/7/2001,16,35,24,75
3/8/2001,20,13,25,58
3/9/2001,15,25,14,54
3/10/2001,24,19,22,65
3/11/2001,9,11,20,40
3/12/2001,10,38,18,66
3/13/2001,16,34,19,69
3/14/2001,25,24,15,64
3/15/2001,9,19,6,34
3/16/2001,22,29,23,74
3/17/2001,28,15,13,56
3/18/2001,23,24,11,58
3/19/2001,18,21,20,59
3/20/2001,17,10,12,39
3/21/2001,22,22,15,59
3/22/2001,21,31,11,63
3/23/2001,21,36,24,81
3/24/2001,22,34,17,73
3/25/2001,18,26,19,63
3/26/2001,23,19,21,63
3/27/2001,19,39,13,71
3/28/2001,22,35,24,81
3/29/2001,18,26,9,53
3/30/2001,18,35,9,62
3/31/2001,25,19,15,59
4/1/2001,23,30,15,68
4/2/2001,23,33,10,66
4/3/2001,25,22,8,55
4/4/2001,29,19,17,65
4/5/2001,24,27,13,64
4/6/2001,13,29,13,55
4/7/2001,22,23,12,57
4/8/2001,18,26,8,52
4/9/2001,13,22,22,57
4/10/2001,20,15,10,45
4/11/2001,18,32,25,75
4/12/2001,19,22,17,58
4/13/2001,18,22,11,51
4/14/2001,27,34,12,73
4/15/2001,19,47,22,88
4/16/2001,17,23,9,49
4/17/2001,22,18,17,57
4/18/2001,25,30,19,74
4/19/2001,13,39,12,64
4/20/2001,21,25,21,67
4/21/2001,24,16,10,50
4/22/2001,26,32,23,81
4/23/2001,23,30,20,73
4/24/2001,13,21,17,51
4/25/2001,17,32,14,63
4/26/2001,21,21,27,69
4/27/2001,19,30,19,68
4/28/2001,21,22,9,52
4/29/2001,20,34,22,76
4/30/2001,13,28,7,48
5/1/2001,20,23,17,60
5/2/2001,17,20,13,50
5/3/2001,26,25,21,72
5/4/2001,28,31,12,71
5/5/2001,11,33,19,63
5/6/2001,17,21,14,52
5/7/2001,19,36,18,73
5/8/2001,8,21,14,43
5/9/2001,26,11,12,49
5/10/2001,22,27,9,58
5/11/2001,17,22,13,52
5/12/2001,28,33,15,76
5/13/2001,14,24,9,47
5/14/2001,14,26,18,58
5/15/2001,30,30,16,76
5/16/2001,12,26,22,60
5/17/2001,21,22,19,62
5/18/2001,17,15,18,50
5/19/2001,18,18,18,54
5/20/2001,22,30,17,69
5/21/2001,15,34,12,61
5/22/2001,9,26,20,55
5/23/2001,25,37,18,80
5/24/2001,19,37,10,66
5/25/2001,14,12,9,35
5/26/2001,21,36,13,70
5/27/2001,24,27,13,64
5/28/2001,29,28,22,79
5/29/2001,21,27,11,59
5/30/2001,16,35,13,64
5/31/2001,13,36,23,72
6/1/2001,25,34,14,73
6/2/2001,18,34,24,76
6/3/2001,12,35,18,65
6/4/2001,19,27,10,56
6/5/2001,11,28,25,64
6/6/2001,23,31,16,70
6/7/2001,15,16,17,48
6/8/2001,16,15,11,42
6/9/2001,22,17,11,50
6/10/2001,22,15,18,55
6/11/2001,20,25,27,72
6/12/2001,18,27,19,64
6/13/2001,22,34,15,71
6/14/2001,17,25,15,57
6/15/2001,13,15,14,42
6/16/2001,18,40,11,69
6/17/2001,14,21,15,50
6/18/2001,19,15,13,47
6/19/2001,24,31,23,78
6/20/2001,19,27,11,57
6/21/2001,23,27,22,72
6/22/2001,27,14,14,55
6/23/2001,29,36,18,83
6/24/2001,17,40,15,72
6/25/2001,13,39,10,62
6/26/2001,22,39,25,86
6/27/2001,20,23,24,67
6/28/2001,21,26,11,58
6/29/2001,24,31,16,71
6/30/2001,17,32,14,63
7/1/2001,20,27,13,60
7/2/2001,21,39,9,69
7/3/2001,24,28,13,65
7/4/2001,28,28,22,78
7/5/2001,21,30,24,75
7/6/2001,30,21,17,68
7/7/2001,20,19,14,53
7/8/2001,27,22,14,63
7/9/2001,26,36,18,80
7/10/2001,25,25,20,70
7/11/2001,29,26,11,66
7/12/2001,18,19,14,51
7/13/2001,22,28,11,61
7/14/2001,14,33,24,71
7/15/2001,24,39,22,85
7/16/2001,19,35,18,72
7/17/2001,19,23,23,65
7/18/2001,12,28,12,52
7/19/2001,27,26,18,71
7/20/2001,15,19,13,47
7/21/2001,18,32,13,63
7/22/2001,15,29,11,55
7/23/2001,18,34,6,58
7/24/2001,22,24,5,51
7/25/2001,22,25,10,57
7/26/2001,12,31,10,53
7/27/2001,20,23,16,59
7/28/2001,20,30,17,67
7/29/2001,18,21,21,60
7/30/2001,18,27,13,58
7/31/2001,29,23,17,69
8/1/2001,15,24,26,65
8/2/2001,10,33,17,60
8/3/2001,16,42,11,69
8/4/2001,20,34,16,70
8/5/2001,25,15,8,48
8/6/2001,21,32,12,65
8/7/2001,14,25,13,52
8/8/2001,14,24,22,60
8/9/2001,12,16,18,46
8/10/2001,18,13,22,53
8/11/2001,11,35,22,68
8/12/2001,10,25,17,52
8/13/2001,23,28,12,63
8/14/2001,15,34,10,59
8/15/2001,21,21,19,61
8/16/2001,17,23,15,55
8/17/2001,24,23,21,68
8/18/2001,24,17,10,51
8/19/2001,19,36,14,69
8/20/2001,20,37,20,77
8/21/2001,16,31,22,69
8/22/2001,22,13,22,57
8/23/2001,20,36,16,72
8/24/2001,20,27,19,66
8/25/2001,16,17,26,59
8/26/2001,23,35,18,76
8/27/2001,23,19,10,52
8/28/2001,23,33,9,65
8/29/2001,19,34,21,74
8/30/2001,17,28,18,63
8/31/2001,24,18,19,61
9/1/2001,17,36,18,71
9/2/2001,24,23,24,71
9/3/2001,22,28,20,70
9/4/2001,18,37,21,76
9/5/2001,9,30,22,61
9/6/2001,20,19,10,49
9/7/2001,24,31,13,68
9/8/2001,13,31,14,58
9/9/2001,15,21,16,52
9/10/2001,14,44,15,73
9/11/2001,14,33,18,65
9/12/2001,26,40,21,87
9/13/2001,21,27,17,65
9/14/2001,23,32,11,66
9/15/2001,23,25,10,58
9/16/2001,16,24,14,54
9/17/2001,15,26,9,50
9/18/2001,10,24,18,52
9/19/2001,24,33,18,75
9/20/2001,23,31,21,75
9/21/2001,21,20,11,52
9/22/2001,13,35,16,64
9/23/2001,17,19,11,47
9/24/2001,19,16,17,52
9/25/2001,23,26,18,67
9/26/2001,14,27,21,62
9/27/2001,13,39,20,72
9/28/2001,31,19,17,67
9/29/2001,17,18,25,60
9/30/2001,19,38,22,79
10/1/2001,24,21,13,58
10/2/2001,30,21,13,64
10/3/2001,12,30,14,56
10/4/2001,20,28,16,64
10/5/2001,24,28,15,67
10/6/2001,21,18,21,60
10/7/2001,23,25,22,70
10/8/2001,10,21,13,44
10/9/2001,18,23,23,64
10/10/2001,13,40,14,67
10/11/2001,16,29,16,61
10/12/2001,11,29,23,63
10/13/2001,14,24,17,55
10/14/2001,26,33,8,67
10/15/2001,31,33,20,84
10/16/2001,9,22,23,54
10/17/2001,11,11,11,33
10/18/2001,23,20,14,57
10/19/2001,19,35,14,68
10/20/2001,24,21,22,67
10/21/2001,16,24,21,61
10/22/2001,18,22,10,50
10/23/2001,24,23,20,67
10/24/2001,15,38,20,73
10/25/2001,23,38,20,81
10/26/2001,12,41,17,70
10/27/2001,16,31,14,61
10/28/2001,13,41,12,66
10/29/2001,9,35,20,64
10/30/2001,14,23,16,53
10/31/2001,28,40,11,79
11/1/2001,31,38,24,93
11/2/2001,24,36,21,81
11/3/2001,25,30,12,67
11/4/2001,21,35,16,72
11/5/2001,22,45,16,83
11/6/2001,22,13,9,44
11/7/2001,14,30,20,64
11/8/2001,17,27,19,63
11/9/2001,12,37,23,72
11/10/2001,12,33,11,56
11/11/2001,21,22,15,58
11/12/2001,24,20,16,60
11/13/2001,21,31,17,69
11/14/2001,17,11,17,45
11/15/2001,29,18,15,62
11/16/2001,16,33,27,76
11/17/2001,22,25,25,72
11/18/2001,22,28,22,72
11/19/2001,25,31,15,71
11/20/2001,17,37,17,71
11/21/2001,13,23,18,54
11/22/2001,23,17,23,63
11/23/2001,22,38,21,81
11/24/2001,21,41,13,75
11/25/2001,14,33,17,64
11/26/2001,22,30,16,68
11/27/2001,18,36,15,69
11/28/2001,26,24,20,70
11/29/2001,15,16,17,48
11/30/2001,24,30,14,68
12/1/2001,21,44,25,90
12/2/2001,15,19,15,49
12/3/2001,20,43,19,82
12/4/2001,16,34,24,74
12/5/2001,20,29,15,64
12/6/2001,28,26,26,80
12/7/2001,21,40,12,73
12/8/2001,9,10,20,39
12/9/2001,18,13,28,59
12/10/2001,21,22,22,65
12/11/2001,15,20,18,53
12/12/2001,30,35,16,81
12/13/2001,20,31,9,60
12/14/2001,23,22,12,57
12/15/2001,20,43,20,83
12/16/2001,15,21,25,61
12/17/2001,12,31,12,55
12/18/2001,17,25,21,63
12/19/2001,24,32,16,72
12/20/2001,14,32,12,58
12/21/2001,17,28,15,60
12/22/2001,21,22,5,48
12/23/2001,19,32,18,69
12/24/2001,15,33,18,66
12/25/2001,19,21,17,57
12/26/2001,18,34,9,61
12/27/2001,22,29,10,61
12/28/2001,22,35,15,72
12/29/2001,17,44,18,79
12/30/2001,22,16,11,49
12/31/2001,12,24,12,48
1/1/2002,22,35,20,77
1/2/2002,17,30,21,68
1/3/2002,18,38,20,76
1/4/2002,8,29,19,56
1/5/2002,26,26,17,69
1/6/2002,15,21,11,47
1/7/2002,10,13,11,34
1/8/2002,23,19,14,56
1/9/2002,16,30,17,63
1/10/2002,17,25,20,62
1/11/2002,26,22,13,61
1/12/2002,22,38,10,70
1/13/2002,20,27,14,61
1/14/2002,15,28,12,55
1/15/2002,24,17,11,52
1/16/2002,20,34,15,69
1/17/2002,20,13,24,57
1/18/2002,28,32,15,75
1/19/2002,12,27,11,50
1/20/2002,32,27,11,70
1/21/2002,18,13,14,45
1/22/2002,21,25,24,70
1/23/2002,19,23,12,54
1/24/2002,17,26,10,53
1/25/2002,17,27,11,55
1/26/2002,14,23,11,48
1/27/2002,15,17,7,39
1/28/2002,22,37,16,75
1/29/2002,20,39,16,75
1/30/2002,9,26,12,47
1/31/2002,26,45,10,81
2/1/2002,20,13,22,55
2/2/2002,21,24,16,61
2/3/2002,25,28,10,63
2/4/2002,13,34,21,68
2/5/2002,21,11,7,39
2/6/2002,21,30,21,72
2/7/2002,25,41,12,78
2/8/2002,14,23,21,58
2/9/2002,25,34,21,80
2/10/2002,24,25,15,64
2/11/2002,26,28,9,63
2/12/2002,15,22,19,56
2/13/2002,18,31,14,63
2/14/2002,18,25,9,52
2/15/2002,25,28,25,78
2/16/2002,15,16,19,50
2/17/2002,26,23,19,68
2/18/2002,18,25,21,64
2/19/2002,14,12,22,48
2/20/2002,20,30,23,73
2/21/2002,10,33,15,58
2/22/2002,13,21,20,54
2/23/2002,14,19,12,45
2/24/2002,21,27,16,64
2/25/2002,20,32,9,61
2/26/2002,20,40,21,81
2/27/2002,26,23,14,63
2/28/2002,18,9,23,50
3/1/2002,17,25,12,54
3/2/2002,31,33,17,81
3/3/2002,16,20,11,47
3/4/2002,25,33,14,72
3/5/2002,17,31,10,58
3/6/2002,29,25,15,69
3/7/2002,16,33,20,69
3/8/2002,21,20,21,62
3/9/2002,22,29,13,64
3/10/2002,23,23,10,56
3/11/2002,17,22,15,54
3/12/2002,25,18,15,58
3/13/2002,16,23,14,53
3/14/2002,26,26,11,63
3/15/2002,16,24,15,55
3/16/2002,25,17,21,63
3/17/2002,13,23,14,50
3/18/2002,28,25,12,65
3/19/2002,20,32,24,76
3/20/2002,22,30,20,72
3/21/2002,19,30,16,65
3/22/2002,27,25,10,62
3/23/2002,15,23,19,57
3/24/2002,20,32,11,63
3/25/2002,14,29,22,65
3/26/2002,17,21,10,48
3/27/2002,28,29,20,77
3/28/2002,24,16,22,62
3/29/2002,22,23,8,53
3/30/2002,14,29,14,57
3/31/2002,25,33,13,71
4/1/2002,13,34,22,69
4/2/2002,17,37,17,71
4/3/2002,26,18,24,68
4/4/2002,26,27,12,65
4/5/2002,11,37,11,59
4/6/2002,13,32,14,59
4/7/2002,20,24,13,57
4/8/2002,25,26,19,70
4/9/2002,20,33,22,75
4/10/2002,14,43,20,77
4/11/2002,20,40,13,73
4/12/2002,10,25,19,54
4/13/2002,14,24,19,57
4/14/2002,30,22,10,62
4/15/2002,26,15,15,56
4/16/2002,22,18,21,61
4/17/2002,24,31,17,72
4/18/2002,8,22,17,47
4/19/2002,18,40,12,70
4/20/2002,14,29,12,55
4/21/2002,32,36,6,74
4/22/2002,22,36,20,78
4/23/2002,26,21,21,68
4/24/2002,25,20,20,65
4/25/2002,23,35,11,69
4/26/2002,14,8,24,46
4/27/2002,9,35,21,65
4/28/2002,20,31,15,66
4/29/2002,25,21,8,54
4/30/2002,14,31,20,65
5/1/2002,33,24,17,74
5/2/2002,22,30,20,72
5/3/2002,22,41,24,87
5/4/2002,11,26,19,56
5/5/2002,19,24,13,56
5/6/2002,18,33,25,76
5/7/2002,25,29,10,64
5/8/2002,19,24,10,53
5/9/2002,14,26,18,58
5/10/2002,21,27,20,68
5/11/2002,19,18,14,51
5/12/2002,13,9,11,33
5/13/2002,21,37,24,82
5/14/2002,20,36,22,78
5/15/2002,20,12,17,49
5/16/2002,19,17,24,60
5/17/2002,20,33,26,79
5/18/2002,9,26,21,56
5/19/2002,22,31,14,67
5/20/2002,16,20,16,52
5/21/2002,23,22,9,54
5/22/2002,14,32,13,59
5/23/2002,17,15,14,46
5/24/2002,14,20,15,49
5/25/2002,16,15,20,51
5/26/2002,21,36,15,72
5/27/2002,27,28,13,68
5/28/2002,20,35,13,68
5/29/2002,12,41,25,78
5/30/2002,19,30,17,66
5/31/2002,24,31,16,71
6/1/2002,20,35,10,65
6/2/2002,17,32,15,64
6/3/2002,19,21,12,52
6/4/2002,20,17,17,54
6/5/2002,20,20,10,50
6/6/2002,20,26,19,65
6/7/2002,20,15,11,46
6/8/2002,17,32,8,57
6/9/2002,22,17,14,53
6/10/2002,19,32,14,65
6/11/2002,17,29,15,61
6/12/2002,23,24,12,59
6/13/2002,9,22,13,44
6/14/2002,18,30,19,67
6/15/2002,16,27,15,58
6/16/2002,28,24,15,67
6/17/2002,21,22,16,59
6/18/2002,24,35,20,79
6/19/2002,15,25,9,49
6/20/2002,22,19,10,51
6/21/2002,25,29,16,70
6/22/2002,20,19,11,50
6/23/2002,23,9,16,48
6/24/2002,21,24,15,60
6/25/2002,20,26,17,63
6/26/2002,19,24,13,56
6/27/2002,16,32,16,64
6/28/2002,15,35,22,72
6/29/2002,23,30,20,73
6/30/2002,23,35,21,79
7/1/2002,18,24,18,60
7/2/2002,16,20,22,58
7/3/2002,13,28,21,62
7/4/2002,24,18,16,58
7/5/2002,21,29,19,69
7/6/2002,21,24,17,62
7/7/2002,11,26,22,59
7/8/2002,25,31,26,82
7/9/2002,22,28,13,63
7/10/2002,24,27,25,76
7/11/2002,19,18,17,54
7/12/2002,7,22,17,46
7/13/2002,23,21,17,61
7/14/2002,14,42,11,67
7/15/2002,11,33,25,69
7/16/2002,24,17,12,53
7/17/2002,20,24,15,59
7/18/2002,16,34,19,69
7/19/2002,16,19,12,47
7/20/2002,16,38,20,74
7/21/2002,17,33,25,75
7/22/2002,14,27,18,59
7/23/2002,14,23,26,63
7/24/2002,20,26,15,61
7/25/2002,14,39,15,68
7/26/2002,13,16,13,42
7/27/2002,21,18,10,49
7/28/2002,29,33,12,74
7/29/2002,16,26,18,60
7/30/2002,14,25,18,57
7/31/2002,21,36,21,78
8/1/2002,22,26,20,68
8/2/2002,8,26,12,46
8/3/2002,13,24,20,57
8/4/2002,19,28,15,62
8/5/2002,15,20,23,58
8/6/2002,26,23,17,66
8/7/2002,23,28,14,65
8/8/2002,17,21,21,59
8/9/2002,18,23,15,56
8/10/2002,29,17,25,71
8/11/2002,23,17,16,56
8/12/2002,18,33,22,73
8/13/2002,19,19,11,49
8/14/2002,17,28,16,61
8/15/2002,26,13,17,56
8/16/2002,19,36,19,74
8/17/2002,19,26,16,61
8/18/2002,20,19,19,58
8/19/2002,20,37,6,63
8/20/2002,15,15,12,42
8/21/2002,24,27,19,70
8/22/2002,15,26,18,59
8/23/2002,28,18,19,65
8/24/2002,15,37,12,64
8/25/2002,18,18,21,57
8/26/2002,20,35,17,72
8/27/2002,19,29,11,59
8/28/2002,20,24,19,63
8/29/2002,27,33,21,81
8/30/2002,22,23,11,56
8/31/2002,16,32,19,67
9/1/2002,19,32,4,55
9/2/2002,22,26,15,63
9/3/2002,21,29,21,71
9/4/2002,14,27,19,60
9/5/2002,18,32,21,71
9/6/2002,15,34,14,63
9/7/2002,8,30,15,53
9/8/2002,21,33,11,65
9/9/2002,20,32,20,72
9/10/2002,18,20,19,57
9/11/2002,14,10,16,40
9/12/2002,19,15,20,54
9/13/2002,20,23,10,53
9/14/2002,24,23,16,63
9/15/2002,18,22,6,46
9/16/2002,20,16,19,55
9/17/2002,19,30,17,66
9/18/2002,30,17,12,59
9/19/2002,20,33,21,74
9/20/2002,30,41,18,89
9/21/2002,23,29,19,71
9/22/2002,14,21,18,53
9/23/2002,16,21,18,55
9/24/2002,19,24,14,57
9/25/2002,24,20,21,65
9/26/2002,22,25,17,64
9/27/2002,16,33,15,64
9/28/2002,16,25,24,65
9/29/2002,15,35,17,67
9/30/2002,14,18,7,39
10/1/2002,23,36,8,67
10/2/2002,10,36,22,68
10/3/2002,27,25,14,66
10/4/2002,8,6,15,29
10/5/2002,14,38,20,72
10/6/2002,20,17,7,44
10/7/2002,23,13,15,51
10/8/2002,14,20,9,43
10/9/2002,16,26,13,55
10/10/2002,17,15,22,54
10/11/2002,24,29,13,66
10/12/2002,21,39,22,82
10/13/2002,19,25,21,65
10/14/2002,16,32,19,67
10/15/2002,21,30,15,66
10/16/2002,25,10,15,50
10/17/2002,24,26,22,72
10/18/2002,28,31,23,82
10/19/2002,15,22,23,60
10/20/2002,29,26,19,74
10/21/2002,12,33,18,63
10/22/2002,22,38,20,80
10/23/2002,14,20,17,51
10/24/2002,17,29,15,61
10/25/2002,27,15,22,64
10/26/2002,14,11,20,45
10/27/2002,19,25,17,61
10/28/2002,12,22,15,49
10/29/2002,26,14,22,62
10/30/2002,21,36,15,72
10/31/2002,19,40,10,69
11/1/2002,26,24,6,56
11/2/2002,20,23,20,63
11/3/2002,11,24,14,49
11/4/2002,8,32,17,57
11/5/2002,22,26,19,67
11/6/2002,19,21,15,55
11/7/2002,13,24,10,47
11/8/2002,14,28,21,63
11/9/2002,16,22,15,53
11/10/2002,10,21,20,51
11/11/2002,17,23,11,51
11/12/2002,13,28,16,57
11/13/2002,19,34,9,62
11/14/2002,20,22,21,63
11/15/2002,23,28,12,63
11/16/2002,25,24,20,69
11/17/2002,16,28,20,64
11/18/2002,18,28,6,52
11/19/2002,13,21,14,48
11/20/2002,27,43,22,92
11/21/2002,9,18,19,46
11/22/2002,15,25,10,50
11/23/2002,13,28,22,63
11/24/2002,26,36,20,82
11/25/2002,16,32,22,70
11/26/2002,17,18,16,51
11/27/2002,24,26,18,68
11/28/2002,19,26,23,68
11/29/2002,16,32,16,64
11/30/2002,23,26,18,67
12/1/2002,24,16,16,56
12/2/2002,25,17,24,66
12/3/2002,22,13,15,50
12/4/2002,21,27,10,58
12/5/2002,20,35,19,74
12/6/2002,19,37,17,73
12/7/2002,23,32,20,75
12/8/2002,29,37,19,85
12/9/2002,17,32,27,76
12/10/2002,25,43,13,81
12/11/2002,20,28,21,69
12/12/2002,23,27,14,64
12/13/2002,23,20,14,57
12/14/2002,9,32,22,63
12/15/2002,20,24,15,59
12/16/2002,21,30,23,74
12/17/2002,19,30,21,70
12/18/2002,17,23,7,47
12/19/2002,13,15,26,54
12/20/2002,22,34,21,77
12/21/2002,19,16,11,46
12/22/2002,18,43,19,80
12/23/2002,10,30,13,53
12/24/2002,11,17,9,37
12/25/2002,20,23,20,63
12/26/2002,23,31,14,68
12/27/2002,12,37,18,67
12/28/2002,15,30,19,64
12/29/2002,22,22,7,51
12/30/2002,25,28,16,69
12/31/2002,20,27,17,64
1/1/2003,16,34,5,55
1/2/2003,18,40,9,67
1/3/2003,16,23,24,63
1/4/2003,19,42,23,84
1/5/2003,26,21,13,60
1/6/2003,17,28,23,68
1/7/2003,15,21,14,50
1/8/2003,14,35,15,64
1/9/2003,22,33,13,68
1/10/2003,13,12,18,43
1/11/2003,13,17,17,47
1/12/2003,19,36,17,72
1/13/2003,22,29,12,63
1/14/2003,20,17,15,52
1/15/2003,23,36,10,69
1/16/2003,6,32,12,50
1/17/2003,12,32,16,60
1/18/2003,18,22,22,62
1/19/2003,23,30,20,73
1/20/2003,20,31,21,72
1/21/2003,18,25,17,60
1/22/2003,24,36,15,75
1/23/2003,29,33,17,79
1/24/2003,19,18,19,56
1/25/2003,19,22,9,50
1/26/2003,29,29,10,68
1/27/2003,22,14,17,53
1/28/2003,21,27,18,66
1/29/2003,22,19,18,59
1/30/2003,20,29,29,78
1/31/2003,13,12,22,47
2/1/2003,20,16,15,51
2/2/2003,14,37,15,66
2/3/2003,10,23,25,58
2/4/2003,27,29,22,78
2/5/2003,22,24,20,66
2/6/2003,24,31,23,78
2/7/2003,16,19,26,61
2/8/2003,18,35,9,62
2/9/2003,19,21,25,65
2/10/2003,18,35,12,65
2/11/2003,19,30,15,64
2/12/2003,19,21,15,55
2/13/2003,12,23,17,52
2/14/2003,26,23,22,71
2/15/2003,11,36,13,60
2/16/2003,23,19,17,59
2/17/2003,29,38,16,83
2/18/2003,13,31,20,64
2/19/2003,22,41,18,81
2/20/2003,24,26,24,74
2/21/2003,18,37,21,76
2/22/2003,16,30,22,68
2/23/2003,22,26,20,68
2/24/2003,12,24,9,45
2/25/2003,18,21,20,59
2/26/2003,19,34,24,77
2/27/2003,14,26,15,55
2/28/2003,24,32,19,75
3/1/2003,15,14,20,49
3/2/2003,20,19,21,60
3/3/2003,27,29,11,67
3/4/2003,9,23,23,55
3/5/2003,19,26,22,67
3/6/2003,20,16,5,41
3/7/2003,23,21,12,56
3/8/2003,27,32,7,66
3/9/2003,18,38,8,64
3/10/2003,15,17,14,46
3/11/2003,22,13,13,48
3/12/2003,23,30,20,73
3/13/2003,18,20,21,59
3/14/2003,21,23,24,68
3/15/2003,18,26,16,60
3/16/2003,21,28,24,73
3/17/2003,27,30,15,72
3/18/2003,15,41,14,70
3/19/2003,22,22,24,68
3/20/2003,13,27,13,53
3/21/2003,16,24,16,56
3/22/2003,22,27,17,66
3/23/2003,22,23,19,64
3/24/2003,22,41,16,79
3/25/2003,17,34,14,65
3/26/2003,22,29,17,68
3/27/2003,12,23,24,59
3/28/2003,12,17,8,37
3/29/2003,22,25,15,62
3/30/2003,26,15,19,60
3/31/2003,14,13,13,40
4/1/2003,21,27,7,55
4/2/2003,20,32,12,64
4/3/2003,25,22,13,60
4/4/2003,16,32,20,68
4/5/2003,9,21,10,40
4/6/2003,28,22,11,61
4/7/2003,15,28,20,63
4/8/2003,18,29,14,61
4/9/2003,25,10,23,58
4/10/2003,18,36,9,63
4/11/2003,11,36,18,65
4/12/2003,12,16,21,49
4/13/2003,12,33,14,59
4/14/2003,25,32,19,76
4/15/2003,29,31,15,75
4/16/2003,13,22,20,55
4/17/2003,18,34,15,67
4/18/2003,19,20,8,47
4/19/2003,13,35,18,66
4/20/2003,23,26,16,65
4/21/2003,10,26,19,55
4/22/2003,25,15,12,52
4/23/2003,19,17,22,58
4/24/2003,25,23,23,71
4/25/2003,26,17,25,68
4/26/2003,22,18,13,53
4/27/2003,16,22,21,59
4/28/2003,15,43,25,83
4/29/2003,21,32,7,60
4/30/2003,22,7,24,53
5/1/2003,21,26,17,64
5/2/2003,20,40,10,70
5/3/2003,22,32,24,78
5/4/2003,22,42,9,73
5/5/2003,18,20,15,53
5/6/2003,13,44,10,67
5/7/2003,12,22,12,46
5/8/2003,25,44,14,83
5/9/2003,26,15,18,59
5/10/2003,28,29,9,66
5/11/2003,18,24,12,54
5/12/2003,17,21,13,51
5/13/2003,14,31,18,63
5/14/2003,13,29,16,58
5/15/2003,14,29,14,57
5/16/2003,21,35,19,75
5/17/2003,15,35,16,66
5/18/2003,20,32,19,71
5/19/2003,18,19,15,52
5/20/2003,20,21,16,57
5/21/2003,15,36,6,57
5/22/2003,17,28,25,70
5/23/2003,17,20,10,47
5/24/2003,17,47,22,86
5/25/2003,20,24,22,66
5/26/2003,19,30,23,72
5/27/2003,22,18,19,59
5/28/2003,23,35,7,65
5/29/2003,14,27,11,52
5/30/2003,23,25,20,68
5/31/2003,10,39,18,67
6/1/2003,21,35,17,73
6/2/2003,28,12,17,57
6/3/2003,22,21,8,51
6/4/2003,14,32,15,61
6/5/2003,15,27,11,53
6/6/2003,24,20,25,69
6/7/2003,26,32,18,76
6/8/2003,13,42,25,80
6/9/2003,11,34,18,63
6/10/2003,17,22,23,62
6/11/2003,15,32,19,66
6/12/2003,20,28,19,67
6/13/2003,20,34,13,67
6/14/2003,17,38,19,74
6/15/2003,10,40,26,76
6/16/2003,20,24,10,54
6/17/2003,18,22,16,56
6/18/2003,20,23,20,63
6/19/2003,25,20,9,54
6/20/2003,9,35,16,60
6/21/2003,29,21,14,64
6/22/2003,29,37,22,88
6/23/2003,19,24,7,50
6/24/2003,21,22,12,55
6/25/2003,20,27,14,61
6/26/2003,22,23,16,61
6/27/2003,20,31,15,66
6/28/2003,24,30,19,73
6/29/2003,27,19,16,62
6/30/2003,17,23,12,52
7/1/2003,21,36,14,71
7/2/2003,12,19,10,41
7/3/2003,19,22,10,51
7/4/2003,12,32,18,62
7/5/2003,16,36,23,75
7/6/2003,20,25,14,59
7/7/2003,18,34,11,63
7/8/2003,20,25,23,68
7/9/2003,18,17,7,42
7/10/2003,15,29,10,54
7/11/2003,19,17,21,57
7/12/2003,14,25,15,54
7/13/2003,21,32,15,68
7/14/2003,21,39,7,67
7/15/2003,26,37,19,82
7/16/2003,17,30,19,66
7/17/2003,17,17,11,45
7/18/2003,17,33,14,64
7/19/2003,17,32,15,64
7/20/2003,22,35,23,80
7/21/2003,20,44,17,81
7/22/2003,19,17,10,46
7/23/2003,24,21,18,63
7/24/2003,20,21,10,51
7/25/2003,17,30,14,61
7/26/2003,26,33,23,82
7/27/2003,20,36,18,74
7/28/2003,14,31,18,63
7/29/2003,21,28,20,69
7/30/2003,18,28,17,63
7/31/2003,21,33,25,79
8/1/2003,19,32,22,73
8/2/2003,16,31,20,67
8/3/2003,19,33,19,71
8/4/2003,19,42,21,82
8/5/2003,23,31,8,62
8/6/2003,24,30,18,72
8/7/2003,21,20,22,63
8/8/2003,17,31,19,67
8/9/2003,22,20,27,69
8/10/2003,23,29,14,66
8/11/2003,7,23,20,50
8/12/2003,22,17,14,53
8/13/2003,20,29,19,68
8/14/2003,18,32,17,67
8/15/2003,25,20,11,56
8/16/2003,23,27,21,71
8/17/2003,21,14,20,55
8/18/2003,23,22,17,62
8/19/2003,18,27,7,52
8/20/2003,23,27,24,74
8/21/2003,26,31,16,73
8/22/2003,12,23,14,49
8/23/2003,17,28,10,55
8/24/2003,23,15,17,55
8/25/2003,24,28,12,64
8/26/2003,21,25,10,56
8/27/2003,16,29,19,64
8/28/2003,24,29,24,77
8/29/2003,19,32,15,66
8/30/2003,18,39,23,80
8/31/2003,22,34,16,72
9/1/2003,16,18,25,59
9/2/2003,19,19,17,55
9/3/2003,17,27,23,67
9/4/2003,13,30,15,58
9/5/2003,16,20,19,55
9/6/2003,25,28,22,75
9/7/2003,22,18,16,56
9/8/2003,16,21,16,53
9/9/2003,21,25,12,58
9/10/2003,15,22,19,56
9/11/2003,25,19,21,65
9/12/2003,27,23,12,62
9/13/2003,22,28,21,71
9/14/2003,20,23,19,62
9/15/2003,22,27,19,68
9/16/2003,20,32,18,70
9/17/2003,14,20,24,58
9/18/2003,15,24,20,59
9/19/2003,24,13,16,53
9/20/2003,18,21,15,54
9/21/2003,23,31,16,70
9/22/2003,25,13,19,57
9/23/2003,22,26,19,67
9/24/2003,21,32,11,64
9/25/2003,19,32,23,74
9/26/2003,14,21,20,55
9/27/2003,21,26,14,61
9/28/2003,17,22,13,52
9/29/2003,18,36,15,69
9/30/2003,22,39,27,88
10/1/2003,14,36,20,70
10/2/2003,13,22,7,42
10/3/2003,21,33,18,72
10/4/2003,15,31,19,65
10/5/2003,11,26,17,54
10/6/2003,20,24,16,60
10/7/2003,25,31,27,83
10/8/2003,22,17,26,65
10/9/2003,22,22,19,63
10/10/2003,16,29,12,57
10/11/2003,20,39,18,77
10/12/2003,22,36,13,71
10/13/2003,18,26,22,66
10/14/2003,17,10,19,46
10/15/2003,22,31,22,75
10/16/2003,21,23,20,64
10/17/2003,16,23,27,66
10/18/2003,17,19,16,52
10/19/2003,23,24,13,60
10/20/2003,24,36,17,77
10/21/2003,16,33,14,63
10/22/2003,8,18,17,43
10/23/2003,15,31,12,58
10/24/2003,29,26,7,62
10/25/2003,33,19,16,68
10/26/2003,22,32,16,70
10/27/2003,11,34,17,62
10/28/2003,20,35,11,66
10/29/2003,17,19,14,50
10/30/2003,10,21,20,51
10/31/2003,19,32,11,62
11/1/2003,29,25,12,66
11/2/2003,13,27,17,57
11/3/2003,26,24,11,61
11/4/2003,26,22,20,68
11/5/2003,22,21,15,58
11/6/2003,17,9,14,40
11/7/2003,19,22,24,65
11/8/2003,21,20,20,61
11/9/2003,15,33,24,72
11/10/2003,13,33,17,63
11/11/2003,21,15,19,55
11/12/2003,22,22,17,61
11/13/2003,13,17,19,49
11/14/2003,17,13,16,46
11/15/2003,19,22,21,62
11/16/2003,33,33,19,85
11/17/2003,18,18,15,51
11/18/2003,12,23,13,48
11/19/2003,16,14,22,52
11/20/2003,18,28,10,56
11/21/2003,25,27,20,72
11/22/2003,20,34,15,69
11/23/2003,25,34,14,73
11/24/2003,13,38,8,59
11/25/2003,12,31,21,64
11/26/2003,20,29,19,68
11/27/2003,21,27,18,66
11/28/2003,15,33,23,71
11/29/2003,13,30,9,52
11/30/2003,27,25,22,74
12/1/2003,13,25,15,53
12/2/2003,23,26,22,71
12/3/2003,16,19,24,59
12/4/2003,25,27,20,72
12/5/2003,24,24,11,59
12/6/2003,27,36,16,79
12/7/2003,21,15,23,59
12/8/2003,29,20,7,56
12/9/2003,21,33,17,71
12/10/2003,16,25,18,59
12/11/2003,18,40,13,71
12/12/2003,19,19,20,58
12/13/2003,20,28,23,71
12/14/2003,28,28,23,79
12/15/2003,14,18,15,47
12/16/2003,14,32,26,72
12/17/2003,19,22,15,56
12/18/2003,26,22,12,60
12/19/2003,20,20,22,62
12/20/2003,28,16,14,58
12/21/2003,21,32,16,69
12/22/2003,22,23,10,55
12/23/2003,22,21,24,67
12/24/2003,21,19,17,57
12/25/2003,25,48,21,94
12/26/2003,29,22,26,77
12/27/2003,20,28,14,62
12/28/2003,13,21,11,45
12/29/2003,22,28,17,67
12/30/2003,16,30,14,60
12/31/2003,15,24,27,66
1/1/2004,25,27,14,66
1/2/2004,26,36,20,82
1/3/2004,14,34,11,59
1/4/2004,24,25,15,64
1/5/2004,23,23,18,64
1/6/2004,18,25,13,56
1/7/2004,20,28,8,56
1/8/2004,24,25,18,67
1/9/2004,19,29,9,57
1/10/2004,15,23,5,43
1/11/2004,20,43,10,73
1/12/2004,16,25,20,61
1/13/2004,19,45,24,88
1/14/2004,15,35,9,59
1/15/2004,23,37,9,69
1/16/2004,20,28,20,68
1/17/2004,19,30,17,66
1/18/2004,10,15,9,34
1/19/2004,11,23,15,49
1/20/2004,26,39,17,82
1/21/2004,23,38,21,82
1/22/2004,30,24,18,72
1/23/2004,19,26,20,65
1/24/2004,18,32,20,70
1/25/2004,23,27,16,66
1/26/2004,29,20,8,57
1/27/2004,24,17,8,49
1/28/2004,13,25,19,57
1/29/2004,18,25,7,50
1/30/2004,22,22,14,58
1/31/2004,28,24,24,76
2/1/2004,21,28,14,63
2/2/2004,18,34,17,69
2/3/2004,12,18,18,48
2/4/2004,18,17,20,55
2/5/2004,19,33,19,71
2/6/2004,30,29,23,82
2/7/2004,11,36,16,63
2/8/2004,16,20,22,58
2/9/2004,20,16,9,45
2/10/2004,23,30,26,79
2/11/2004,22,31,16,69
2/12/2004,21,23,16,60
2/13/2004,19,38,20,77
2/14/2004,17,40,17,74
2/15/2004,23,34,14,71
2/16/2004,20,36,19,75
2/17/2004,15,19,22,56
2/18/2004,24,32,13,69
2/19/2004,26,12,9,47
2/20/2004,22,24,16,62
2/21/2004,17,26,6,49
2/22/2004,14,25,13,52
2/23/2004,10,33,10,53
2/24/2004,23,32,19,74
2/25/2004,17,33,10,60
2/26/2004,19,30,20,69
2/27/2004,28,31,18,77
2/28/2004,21,20,24,65
2/29/2004,20,26,12,58
3/1/2004,20,24,13,57
3/2/2004,18,41,19,78
3/3/2004,23,26,19,68
3/4/2004,26,13,14,53
3/5/2004,9,35,22,66
3/6/2004,18,13,12,43
3/7/2004,26,34,15,75
3/8/2004,17,27,13,57
3/9/2004,18,34,17,69
3/10/2004,14,37,18,69
3/11/2004,18,25,12,55
3/12/2004,15,42,16,73
3/13/2004,17,12,15,44
3/14/2004,19,26,16,61
3/15/2004,21,37,16,74
3/16/2004,21,23,14,58
3/17/2004,20,31,10,61
3/18/2004,28,38,17,83
3/19/2004,17,24,5,46
3/20/2004,12,16,23,51
3/21/2004,15,38,16,69
3/22/2004,14,20,8,42
3/23/2004,22,22,10,54
3/24/2004,21,26,18,65
3/25/2004,18,29,15,62
3/26/2004,18,25,16,59
3/27/2004,18,40,13,71
3/28/2004,22,35,15,72
3/29/2004,20,26,13,59
3/30/2004,24,28,23,75
3/31/2004,21,7,20,48
4/1/2004,21,18,16,55
4/2/2004,20,36,17,73
4/3/2004,17,19,19,55
4/4/2004,17,33,25,75
4/5/2004,21,23,13,57
4/6/2004,30,32,11,73
4/7/2004,27,38,18,83
4/8/2004,12,37,26,75
4/9/2004,24,27,10,61
4/10/2004,14,23,21,58
4/11/2004,13,34,12,59
4/12/2004,15,38,16,69
4/13/2004,14,27,9,50
4/14/2004,19,27,7,53
4/15/2004,9,33,17,59
4/16/2004,11,40,6,57
4/17/2004,21,31,10,62
4/18/2004,22,39,13,74
4/19/2004,11,25,26,62
4/20/2004,19,17,14,50
4/21/2004,11,31,19,61
4/22/2004,26,26,16,68
4/23/2004,26,13,23,62
4/24/2004,18,38,13,69
4/25/2004,17,27,23,67
4/26/2004,14,19,15,48
4/27/2004,20,14,12,46
4/28/2004,27,34,12,73
4/29/2004,19,22,10,51
4/30/2004,20,26,21,67
5/1/2004,24,34,10,68
5/2/2004,23,37,14,74
5/3/2004,19,12,23,54
5/4/2004,23,31,18,72
5/5/2004,20,40,17,77
5/6/2004,25,36,17,78
5/7/2004,9,23,12,44
5/8/2004,18,40,18,76
5/9/2004,23,24,25,72
5/10/2004,22,28,15,65
5/11/2004,20,19,8,47
5/12/2004,20,11,18,49
5/13/2004,28,25,16,69
5/14/2004,16,33,19,68
5/15/2004,19,20,18,57
5/16/2004,11,19,13,43
5/17/2004,25,30,20,75
5/18/2004,22,24,16,62
5/19/2004,11,34,13,58
5/20/2004,27,35,14,76
5/21/2004,19,39,11,69
5/22/2004,15,20,11,46
5/23/2004,22,25,17,64
5/24/2004,20,17,19,56
5/25/2004,24,29,10,63
5/26/2004,17,32,19,68
5/27/2004,28,34,23,85
5/28/2004,15,28,19,62
5/29/2004,22,32,15,69
5/30/2004,20,28,15,63
5/31/2004,18,28,19,65
6/1/2004,26,31,12,69
6/2/2004,16,22,20,58
6/3/2004,22,28,15,65
6/4/2004,26,39,12,77
6/5/2004,12,28,6,46
6/6/2004,18,20,19,57
6/7/2004,23,20,13,56
6/8/2004,21,40,25,86
6/9/2004,25,27,15,67
6/10/2004,23,15,13,51
6/11/2004,29,28,12,69
6/12/2004,27,25,11,63
6/13/2004,20,38,23,81
6/14/2004,12,29,12,53
6/15/2004,23,22,11,56
6/16/2004,20,27,18,65
6/17/2004,18,39,17,74
6/18/2004,26,25,18,69
6/19/2004,14,21,9,44
6/20/2004,17,18,16,51
6/21/2004,14,9,9,32
6/22/2004,20,33,16,69
6/23/2004,32,18,17,67
6/24/2004,12,30,25,67
6/25/2004,25,21,15,61
6/26/2004,12,9,20,41
6/27/2004,24,29,19,72
6/28/2004,14,16,16,46
6/29/2004,26,26,8,60
6/30/2004,23,35,14,72
7/1/2004,8,27,19,54
7/2/2004,8,31,15,54
7/3/2004,17,27,14,58
7/4/2004,18,34,16,68
7/5/2004,7,32,17,56
7/6/2004,27,25,14,66
7/7/2004,10,33,17,60
7/8/2004,21,32,21,74
7/9/2004,17,28,12,57
7/10/2004,14,36,13,63
7/11/2004,17,19,21,57
7/12/2004,21,15,26,62
7/13/2004,26,17,14,57
7/14/2004,16,29,21,66
7/15/2004,20,30,23,73
7/16/2004,18,36,19,73
7/17/2004,23,33,15,71
7/18/2004,19,32,19,70
7/19/2004,16,25,25,66
7/20/2004,27,22,18,67
7/21/2004,26,34,10,70
7/22/2004,18,26,8,52
7/23/2004,14,24,17,55
7/24/2004,18,28,24,70
7/25/2004,25,21,18,64
7/26/2004,23,25,14,62
7/27/2004,30,26,11,67
7/28/2004,19,24,16,59
7/29/2004,26,14,19,59
7/30/2004,22,22,14,58
7/31/2004,13,24,18,55
8/1/2004,21,39,11,71
8/2/2004,24,20,22,66
8/3/2004,19,23,9,51
8/4/2004,15,23,24,62
8/5/2004,16,17,23,56
8/6/2004,18,21,26,65
8/7/2004,14,18,21,53
8/8/2004,18,19,22,59
8/9/2004,21,40,14,75
8/10/2004,22,29,27,78
8/11/2004,22,36,12,70
8/12/2004,30,21,21,72
8/13/2004,18,34,9,61
8/14/2004,13,32,17,62
8/15/2004,19,21,16,56
8/16/2004,16,42,19,77
8/17/2004,10,24,24,58
8/18/2004,23,35,22,80
8/19/2004,15,14,13,42
8/20/2004,30,30,15,75
8/21/2004,18,32,18,68
8/22/2004,20,36,24,80
8/23/2004,19,40,10,69
8/24/2004,17,38,24,79
8/25/2004,17,40,9,66
8/26/2004,20,27,12,59
8/27/2004,15,42,14,71
8/28/2004,21,32,11,64
8/29/2004,28,32,23,83
8/30/2004,22,23,14,59
8/31/2004,18,18,21,57
9/1/2004,15,27,20,62
9/2/2004,16,26,13,55
9/3/2004,24,28,26,78
9/4/2004,21,33,17,71
9/5/2004,19,15,22,56
9/6/2004,21,12,16,49
9/7/2004,12,41,15,68
9/8/2004,17,14,14,45
9/9/2004,23,24,15,62
9/10/2004,32,20,15,67
9/11/2004,24,37,12,73
9/12/2004,19,40,17,76
9/13/2004,32,10,19,61
9/14/2004,24,35,24,83
9/15/2004,17,31,12,60
9/16/2004,10,17,10,37
9/17/2004,19,32,14,65
9/18/2004,10,30,17,57
9/19/2004,22,8,19,49
9/20/2004,20,27,13,60
9/21/2004,25,34,15,74
9/22/2004,20,12,14,46
9/23/2004,15,29,23,67
9/24/2004,18,30,19,67
9/25/2004,26,34,20,80
9/26/2004,16,29,18,63
9/27/2004,24,13,19,56
9/28/2004,23,38,10,71
9/29/2004,22,44,14,80
9/30/2004,17,23,12,52
10/1/2004,19,42,12,73
10/2/2004,12,29,21,62
10/3/2004,24,33,20,77
10/4/2004,7,30,11,48
10/5/2004,14,33,17,64
10/6/2004,20,18,26,64
10/7/2004,19,14,10,43
10/8/2004,21,36,6,63
10/9/2004,16,19,11,46
10/10/2004,14,32,17,63
10/11/2004,20,33,6,59
10/12/2004,17,25,17,59
10/13/2004,26,25,8,59
10/14/2004,17,29,21,67
10/15/2004,20,28,21,69
10/16/2004,25,27,13,65
10/17/2004,24,14,19,57
10/18/2004,12,25,15,52
10/19/2004,26,16,8,50
10/20/2004,22,20,24,66
10/21/2004,22,28,16,66
10/22/2004,17,20,9,46
10/23/2004,21,18,16,55
10/24/2004,17,19,18,54
10/25/2004,25,26,13,64
10/26/2004,19,31,16,66
10/27/2004,21,38,19,78
10/28/2004,12,33,24,69
10/29/2004,16,18,21,55
10/30/2004,21,31,13,65
10/31/2004,22,11,16,49
11/1/2004,21,28,17,66
11/2/2004,18,39,19,76
11/3/2004,19,40,14,73
11/4/2004,21,39,14,74
11/5/2004,13,24,9,46
11/6/2004,24,39,22,85
11/7/2004,26,20,17,63
11/8/2004,21,32,19,72
11/9/2004,22,16,10,48
11/10/2004,18,17,26,61
11/11/2004,12,34,26,72
11/12/2004,16,32,12,60
11/13/2004,23,43,16,82
11/14/2004,20,35,23,78
11/15/2004,22,31,19,72
11/16/2004,20,39,22,81
11/17/2004,24,21,20,65
11/18/2004,19,29,23,71
11/19/2004,24,33,15,72
11/20/2004,24,35,13,72
11/21/2004,21,10,8,39
11/22/2004,26,30,12,68
11/23/2004,20,35,22,77
11/24/2004,13,24,25,62
11/25/2004,18,28,19,65
11/26/2004,17,34,23,74
11/27/2004,18,20,24,62
11/28/2004,12,9,15,36
11/29/2004,13,32,18,63
11/30/2004,10,24,16,50
12/1/2004,18,17,17,52
12/2/2004,13,31,14,58
12/3/2004,28,38,14,80
12/4/2004,16,28,6,50
12/5/2004,22,32,18,72
12/6/2004,18,27,16,61
12/7/2004,15,15,13,43
12/8/2004,19,23,22,64
12/9/2004,24,21,12,57
12/10/2004,17,36,13,66
12/11/2004,22,29,21,72
12/12/2004,19,35,20,74
12/13/2004,19,26,18,63
12/14/2004,19,22,11,52
12/15/2004,18,35,26,79
12/16/2004,24,15,18,57
12/17/2004,24,22,28,74
12/18/2004,14,28,20,62
12/19/2004,27,33,19,79
12/20/2004,19,26,23,68
12/21/2004,27,29,13,69
12/22/2004,29,28,25,82
12/23/2004,24,23,14,61
12/24/2004,13,28,11,52
12/25/2004,27,28,8,63
12/26/2004,14,19,21,54
12/27/2004,19,10,15,44
12/28/2004,17,36,17,70
12/29/2004,15,17,6,38
12/30/2004,17,25,14,56
12/31/2004,17,35,20,72
1/1/2005,25,10,17,52
1/2/2005,19,38,22,79
1/3/2005,31,28,9,68
1/4/2005,22,31,10,63
1/5/2005,21,22,18,61
1/6/2005,20,28,24,72
1/7/2005,18,29,21,68
1/8/2005,20,23,24,67
1/9/2005,16,24,11,51
1/10/2005,19,16,18,53
1/11/2005,26,22,15,63
1/12/2005,23,25,14,62
1/13/2005,20,32,17,69
1/14/2005,28,27,23,78
1/15/2005,23,27,19,69
1/16/2005,21,28,11,60
1/17/2005,25,33,13,71
1/18/2005,23,30,14,67
1/19/2005,21,40,21,82
1/20/2005,29,25,15,69
1/21/2005,18,14,21,53
1/22/2005,25,14,9,48
1/23/2005,24,25,8,57
1/24/2005,24,20,18,62
1/25/2005,15,32,16,63
1/26/2005,19,24,14,57
1/27/2005,19,31,15,65
1/28/2005,11,33,20,64
1/29/2005,18,19,20,57
1/30/2005,11,29,24,64
1/31/2005,12,25,14,51
2/1/2005,9,35,14,58
2/2/2005,11,15,11,37
2/3/2005,23,29,16,68
2/4/2005,24,41,14,79
2/5/2005,24,21,24,69
2/6/2005,16,24,6,46
2/7/2005,16,27,11,54
2/8/2005,31,14,13,58
2/9/2005,23,22,22,67
2/10/2005,20,26,12,58
2/11/2005,18,16,16,50
2/12/2005,24,18,9,51
2/13/2005,21,20,25,66
2/14/2005,25,33,12,70
2/15/2005,17,18,17,52
2/16/2005,17,18,22,57
2/17/2005,13,28,23,64
2/18/2005,22,27,18,67
2/19/2005,18,17,18,53
2/20/2005,19,25,21,65
2/21/2005,29,18,25,72
2/22/2005,17,26,28,71
2/23/2005,23,14,12,49
2/24/2005,23,22,15,60
2/25/2005,18,11,18,47
2/26/2005,20,46,16,82
2/27/2005,16,22,12,50
2/28/2005,9,27,18,54
3/1/2005,19,9,23,51
3/2/2005,14,25,19,58
3/3/2005,29,31,15,75
3/4/2005,27,25,16,68
3/5/2005,9,27,18,54
3/6/2005,15,26,24,65
3/7/2005,22,38,23,83
3/8/2005,12,23,17,52
3/9/2005,17,21,20,58
3/10/2005,20,27,15,62
3/11/2005,27,27,16,70
3/12/2005,20,30,21,71
3/13/2005,17,21,28,66
3/14/2005,17,15,10,42
3/15/2005,14,31,23,68
3/16/2005,17,29,17,63
3/17/2005,13,26,15,54
3/18/2005,25,34,12,71
3/19/2005,23,26,19,68
3/20/2005,9,21,13,43
3/21/2005,22,16,19,57
3/22/2005,18,30,18,66
3/23/2005,15,31,14,60
3/24/2005,25,33,11,69
3/25/2005,25,26,23,74
3/26/2005,18,19,23,60
3/27/2005,18,23,27,68
3/28/2005,7,28,13,48
3/29/2005,15,40,28,83
3/30/2005,22,12,17,51
3/31/2005,20,35,15,70
4/1/2005,24,24,21,69
4/2/2005,20,25,15,60
4/3/2005,14,28,17,59
4/4/2005,18,13,21,52
4/5/2005,25,19,9,53
4/6/2005,17,24,23,64
4/7/2005,16,29,16,61
4/8/2005,17,36,26,79
4/9/2005,18,25,14,57
4/10/2005,17,25,21,63
4/11/2005,18,22,23,63
4/12/2005,19,32,21,72
4/13/2005,15,16,6,37
4/14/2005,16,27,25,68
4/15/2005,15,25,15,55
4/16/2005,26,34,24,84
4/17/2005,21,22,21,64
4/18/2005,18,35,15,68
4/19/2005,27,37,17,81
4/20/2005,15,16,10,41
4/21/2005,11,28,18,57
4/22/2005,18,21,15,54
4/23/2005,11,32,13,56
4/24/2005,17,13,17,47
4/25/2005,15,19,21,55
4/26/2005,24,19,10,53
4/27/2005,8,23,21,52
4/28/2005,17,34,19,70
4/29/2005,18,22,10,50
4/30/2005,26,22,12,60
5/1/2005,27,24,6,57
5/2/2005,16,42,13,71
5/3/2005,20,27,14,61
5/4/2005,18,29,23,70
5/5/2005,12,25,7,44
5/6/2005,12,34,17,63
5/7/2005,26,21,24,71
5/8/2005,19,37,22,78
5/9/2005,19,25,22,66
5/10/2005,20,37,24,81
5/11/2005,25,28,15,68
5/12/2005,18,22,13,53
5/13/2005,26,23,13,62
5/14/2005,29,32,18,79
5/15/2005,22,33,8,63
5/16/2005,20,39,20,79
5/17/2005,15,26,15,56
5/18/2005,17,29,22,68
5/19/2005,12,29,13,54
5/20/2005,24,30,8,62
5/21/2005,23,42,17,82
5/22/2005,14,25,21,60
5/23/2005,27,16,15,58
5/24/2005,23,44,18,85
5/25/2005,23,31,7,61
5/26/2005,20,25,20,65
5/27/2005,25,42,20,87
5/28/2005,15,28,19,62
5/29/2005,25,33,15,73
5/30/2005,19,13,19,51
5/31/2005,23,35,11,69
6/1/2005,24,29,18,71
6/2/2005,13,36,11,60
6/3/2005,12,23,15,50
6/4/2005,23,23,10,56
6/5/2005,18,19,12,49
6/6/2005,21,31,14,66
6/7/2005,26,42,16,84
6/8/2005,17,41,8,66
6/9/2005,21,25,17,63
6/10/2005,24,24,19,67
6/11/2005,16,37,16,69
6/12/2005,15,18,22,55
6/13/2005,18,42,16,76
6/14/2005,19,25,13,57
6/15/2005,21,32,20,73
6/16/2005,25,36,14,75
6/17/2005,18,35,14,67
6/18/2005,20,41,16,77
6/19/2005,22,21,22,65
6/20/2005,21,33,19,73
6/21/2005,21,30,15,66
6/22/2005,17,32,15,64
6/23/2005,16,28,20,64
6/24/2005,28,28,14,70
6/25/2005,25,32,17,74
6/26/2005,24,23,23,70
6/27/2005,21,46,9,76
6/28/2005,18,31,17,66
6/29/2005,18,33,16,67
6/30/2005,22,19,26,67
7/1/2005,19,26,22,67
7/2/2005,21,36,9,66
7/3/2005,15,42,15,72
7/4/2005,20,23,9,52
7/5/2005,21,29,15,65
7/6/2005,24,41,19,84
7/7/2005,13,22,23,58
7/8/2005,20,14,8,42
7/9/2005,23,30,17,70
7/10/2005,17,34,14,65
7/11/2005,19,26,16,61
7/12/2005,17,32,18,67
7/13/2005,19,41,27,87
7/14/2005,21,36,8,65
7/15/2005,18,39,15,72
7/16/2005,18,39,19,76
7/17/2005,24,22,17,63
7/18/2005,13,24,14,51
7/19/2005,15,22,14,51
7/20/2005,22,31,14,67
7/21/2005,14,33,17,64
7/22/2005,23,20,24,67
7/23/2005,19,29,6,54
7/24/2005,24,32,15,71
7/25/2005,26,23,17,66
7/26/2005,14,30,22,66
7/27/2005,21,25,19,65
7/28/2005,19,34,10,63
7/29/2005,26,30,21,77
7/30/2005,15,24,21,60
7/31/2005,14,31,15,60
8/1/2005,20,32,19,71
8/2/2005,17,27,18,62
8/3/2005,22,24,18,64
8/4/2005,23,26,18,67
8/5/2005,13,39,18,70
8/6/2005,18,30,22,70
8/7/2005,21,16,16,53
8/8/2005,22,34,24,80
8/9/2005,15,25,13,53
8/10/2005,22,21,21,64
8/11/2005,17,30,10,57
8/12/2005,25,36,21,82
8/13/2005,16,15,18,49
8/14/2005,17,22,18,57
8/15/2005,15,13,23,51
8/16/2005,22,22,19,63
8/17/2005,12,41,9,62
8/18/2005,19,25,18,62
8/19/2005,20,23,17,60
8/20/2005,21,14,6,41
8/21/2005,19,16,24,59
8/22/2005,24,32,22,78
8/23/2005,13,21,21,55
8/24/2005,18,18,22,58
8/25/2005,13,12,16,41
8/26/2005,11,30,12,53
8/27/2005,23,33,7,63
8/28/2005,20,21,9,50
8/29/2005,14,31,8,53
8/30/2005,7,22,10,39
8/31/2005,18,36,13,67
9/1/2005,26,37,16,79
9/2/2005,21,28,12,61
9/3/2005,22,17,9,48
9/4/2005,17,20,13,50
9/5/2005,10,32,26,68
9/6/2005,21,25,13,59
9/7/2005,24,25,18,67
9/8/2005,22,42,17,81
9/9/2005,19,30,19,68
9/10/2005,24,16,19,59
9/11/2005,19,19,26,64
9/12/2005,28,21,21,70
9/13/2005,13,32,17,62
9/14/2005,19,35,11,65
9/15/2005,25,32,8,65
9/16/2005,18,28,13,59
9/17/2005,25,31,12,68
9/18/2005,17,18,23,58
9/19/2005,13,34,14,61
9/20/2005,11,31,24,66
9/21/2005,14,24,22,60
9/22/2005,16,35,17,68
9/23/2005,16,22,16,54
9/24/2005,17,32,7,56
9/25/2005,15,24,22,61
9/26/2005,26,22,20,68
9/27/2005,15,20,9,44
9/28/2005,24,26,13,63
9/29/2005,15,15,20,50
9/30/2005,17,19,19,55
10/1/2005,26,38,7,71
10/2/2005,20,17,11,48
10/3/2005,19,21,9,49
10/4/2005,22,23,23,68
10/5/2005,14,24,22,60
10/6/2005,29,30,21,80
10/7/2005,11,39,17,67
10/8/2005,23,33,21,77
10/9/2005,22,23,20,65
10/10/2005,16,25,9,50
10/11/2005,14,34,10,58
10/12/2005,25,21,25,71
10/13/2005,25,35,15,75
10/14/2005,24,20,11,55
10/15/2005,12,26,19,57
10/16/2005,16,30,15,61
10/17/2005,26,30,14,70
10/18/2005,11,39,14,64
10/19/2005,19,39,19,77
10/20/2005,21,26,23,70
10/21/2005,22,21,21,64
10/22/2005,19,31,28,78
10/23/2005,17,35,12,64
10/24/2005,18,28,13,59
10/25/2005,15,26,12,53
10/26/2005,27,18,11,56
10/27/2005,18,30,27,75
10/28/2005,29,12,21,62
10/29/2005,16,23,16,55
10/30/2005,23,27,18,68
10/31/2005,12,34,22,68
11/1/2005,25,26,13,64
11/2/2005,24,22,11,57
11/3/2005,22,15,16,53
11/4/2005,16,16,20,52
11/5/2005,15,14,18,47
11/6/2005,16,22,17,55
11/7/2005,31,34,17,82
11/8/2005,27,29,12,68
11/9/2005,15,22,18,55
11/10/2005,22,34,9,65
11/11/2005,23,44,25,92
11/12/2005,25,33,20,78
11/13/2005,16,29,16,61
11/14/2005,16,21,13,50
11/15/2005,20,31,18,69
11/16/2005,23,26,14,63
11/17/2005,19,34,12,65
11/18/2005,22,29,23,74
11/19/2005,19,23,11,53
11/20/2005,26,22,21,69
11/21/2005,19,21,15,55
11/22/2005,21,18,5,44
11/23/2005,20,12,25,57
11/24/2005,26,36,24,86
11/25/2005,19,41,12,72
11/26/2005,20,42,22,84
11/27/2005,11,34,9,54
11/28/2005,27,23,21,71
11/29/2005,17,19,16,52
11/30/2005,19,33,14,66
12/1/2005,25,21,22,68
12/2/2005,24,27,21,72
12/3/2005,19,36,20,75
12/4/2005,19,21,13,53
12/5/2005,25,20,17,62
12/6/2005,24,24,15,63
12/7/2005,26,33,13,72
12/8/2005,19,41,13,73
12/9/2005,25,21,20,66
12/10/2005,21,23,21,65
12/11/2005,27,12,16,55
12/12/2005,23,30,15,68
12/13/2005,23,35,22,80
12/14/2005,26,28,17,71
12/15/2005,18,17,8,43
12/16/2005,18,29,18,65
12/17/2005,16,25,7,48
12/18/2005,16,28,19,63
12/19/2005,28,31,16,75
12/20/2005,21,21,19,61
12/21/2005,20,40,18,78
12/22/2005,22,23,10,55
12/23/2005,24,23,13,60
12/24/2005,21,19,19,59
12/25/2005,14,23,11,48
12/26/2005,14,14,16,44
12/27/2005,23,24,19,66
12/28/2005,20,32,8,60
12/29/2005,22,31,15,68
12/30/2005,13,20,18,51
12/31/2005,22,14,14,50
1/1/2006,21,29,14,64
1/2/2006,30,43,18,91
1/3/2006,16,22,23,61
1/4/2006,20,36,9,65
1/5/2006,19,20,17,56
1/6/2006,16,13,12,41
1/7/2006,14,38,10,62
1/8/2006,12,33,10,55
1/9/2006,10,30,22,62
1/10/2006,12,22,14,48
1/11/2006,12,34,12,58
1/12/2006,15,32,18,65
1/13/2006,14,31,21,66
1/14/2006,26,25,20,71
1/15/2006,30,27,9,66
1/16/2006,17,18,12,47
1/17/2006,23,37,20,80
1/18/2006,20,34,11,65
1/19/2006,12,35,10,57
1/20/2006,12,26,19,57
1/21/2006,28,33,11,72
1/22/2006,23,26,17,66
1/23/2006,21,29,25,75
1/24/2006,17,19,13,49
1/25/2006,18,15,10,43
1/26/2006,22,30,14,66
1/27/2006,18,13,12,43
1/28/2006,19,31,17,67
1/29/2006,25,30,23,78
1/30/2006,10,32,12,54
1/31/2006,28,31,21,80
2/1/2006,24,27,14,65
2/2/2006,25,27,15,67
2/3/2006,13,21,14,48
2/4/2006,24,27,22,73
2/5/2006,20,15,18,53
2/6/2006,13,15,10,38
2/7/2006,21,39,26,86
2/8/2006,26,33,8,67
2/9/2006,22,24,10,56
2/10/2006,14,20,12,46
2/11/2006,26,28,14,68
2/12/2006,8,36,8,52
2/13/2006,17,36,23,76
2/14/2006,27,21,18,66
2/15/2006,28,22,14,64
2/16/2006,22,27,18,67
2/17/2006,21,24,9,54
2/18/2006,14,28,23,65
2/19/2006,20,29,18,67
2/20/2006,24,28,22,74
2/21/2006,11,37,19,67
2/22/2006,17,33,25,75
2/23/2006,18,15,10,43
2/24/2006,21,17,18,56
2/25/2006,15,18,18,51
2/26/2006,27,31,16,74
2/27/2006,16,31,11,58
2/28/2006,19,31,11,61
3/1/2006,12,30,15,57
3/2/2006,22,27,17,66
3/3/2006,19,34,18,71
3/4/2006,15,12,19,46
3/5/2006,23,28,20,71
3/6/2006,26,34,10,70
3/7/2006,25,20,16,61
3/8/2006,22,12,7,41
3/9/2006,14,24,13,51
3/10/2006,26,29,10,65
3/11/2006,17,36,15,68
3/12/2006,22,34,11,67
3/13/2006,20,13,24,57
3/14/2006,24,42,18,84
3/15/2006,16,36,23,75
3/16/2006,28,27,27,82
3/17/2006,25,34,21,80
3/18/2006,29,22,27,78
3/19/2006,18,20,16,54
3/20/2006,22,28,10,60
3/21/2006,16,31,25,72
3/22/2006,24,25,19,68
3/23/2006,23,25,12,60
3/24/2006,17,31,23,71
3/25/2006,18,33,8,59
3/26/2006,14,46,24,84
3/27/2006,26,28,12,66
3/28/2006,20,22,21,63
3/29/2006,19,28,23,70
3/30/2006,19,25,10,54
3/31/2006,25,22,24,71
4/1/2006,30,28,23,81
4/2/2006,21,33,20,74
4/3/2006,21,37,26,84
4/4/2006,24,40,19,83
4/5/2006,19,41,20,80
4/6/2006,22,19,12,53
4/7/2006,11,33,20,64
4/8/2006,18,36,8,62
4/9/2006,20,12,9,41
4/10/2006,17,34,9,60
4/11/2006,17,33,16,66
4/12/2006,17,24,20,61
4/13/2006,18,38,18,74
4/14/2006,19,39,16,74
4/15/2006,16,20,22,58
4/16/2006,21,26,18,65
4/17/2006,16,17,10,43
4/18/2006,23,25,14,62
4/19/2006,18,23,15,56
4/20/2006,26,35,15,76
4/21/2006,18,15,19,52
4/22/2006,27,33,17,77
4/23/2006,15,29,9,53
4/24/2006,26,9,27,62
4/25/2006,14,33,14,61
4/26/2006,23,33,22,78
4/27/2006,17,22,9,48
4/28/2006,21,20,14,55
4/29/2006,12,33,11,56
4/30/2006,30,16,12,58
5/1/2006,16,28,19,63
5/2/2006,18,16,7,41
5/3/2006,17,17,21,55
5/4/2006,27,20,26,73
5/5/2006,14,33,17,64
5/6/2006,16,27,16,59
5/7/2006,18,32,12,62
5/8/2006,22,17,13,52
5/9/2006,12,28,10,50
5/10/2006,20,21,14,55
5/11/2006,20,35,10,65
5/12/2006,17,32,20,69
5/13/2006,22,22,16,60
5/14/2006,21,33,20,74
5/15/2006,15,39,12,66
5/16/2006,20,29,14,63
5/17/2006,30,34,18,82
5/18/2006,19,31,9,59
5/19/2006,11,25,26,62
5/20/2006,20,20,26,66
5/21/2006,22,24,25,71
5/22/2006,16,14,14,44
5/23/2006,25,34,27,86
5/24/2006,16,17,21,54
5/25/2006,19,42,13,74
5/26/2006,25,32,17,74
5/27/2006,22,23,13,58
5/28/2006,26,18,25,69
5/29/2006,26,31,10,67
5/30/2006,17,40,17,74
5/31/2006,20,41,12,73
6/1/2006,27,24,12,63
6/2/2006,17,15,23,55
6/3/2006,17,28,21,66
6/4/2006,24,40,20,84
6/5/2006,19,13,24,56
6/6/2006,19,34,13,66
6/7/2006,15,29,17,61
6/8/2006,19,20,23,62
6/9/2006,20,7,14,41
6/10/2006,23,14,9,46
6/11/2006,12,35,20,67
6/12/2006,23,22,12,57
6/13/2006,12,18,12,42
6/14/2006,26,32,18,76
6/15/2006,11,30,24,65
6/16/2006,27,28,14,69
6/17/2006,25,32,9,66
6/18/2006,24,17,16,57
6/19/2006,20,41,21,82
6/20/2006,10,32,18,60
6/21/2006,24,30,11,65
6/22/2006,27,28,15,70
6/23/2006,23,23,25,71
6/24/2006,18,20,19,57
6/25/2006,17,20,8,45
6/26/2006,21,19,13,53
6/27/2006,24,24,13,61
6/28/2006,16,30,6,52
6/29/2006,23,27,13,63
6/30/2006,12,26,11,49
7/1/2006,19,29,18,66
7/2/2006,17,25,19,61
7/3/2006,18,39,14,71
7/4/2006,14,34,14,62
7/5/2006,20,17,26,63
7/6/2006,14,32,8,54
7/7/2006,26,20,21,67
7/8/2006,19,38,16,73
7/9/2006,27,38,20,85
7/10/2006,17,31,11,59
7/11/2006,22,37,11,70
7/12/2006,12,37,18,67
7/13/2006,23,26,19,68
7/14/2006,17,20,15,52
7/15/2006,22,40,7,69
7/16/2006,25,17,23,65
7/17/2006,21,16,16,53
7/18/2006,12,32,21,65
7/19/2006,19,32,10,61
7/20/2006,23,23,12,58
7/21/2006,28,21,16,65
7/22/2006,22,32,12,66
7/23/2006,14,16,14,44
7/24/2006,16,18,15,49
7/25/2006,18,34,11,63
7/26/2006,19,38,17,74
7/27/2006,23,30,18,71
7/28/2006,25,22,23,70
7/29/2006,23,31,17,71
7/30/2006,22,26,17,65
7/31/2006,21,23,21,65
8/1/2006,22,27,15,64
8/2/2006,15,15,18,48
8/3/2006,21,40,18,79
8/4/2006,20,24,12,56
8/5/2006,20,26,19,65
8/6/2006,12,19,15,46
8/7/2006,24,19,17,60
8/8/2006,13,34,7,54
8/9/2006,16,19,26,61
8/10/2006,26,35,13,74
8/11/2006,22,33,13,68
8/12/2006,15,43,19,77
8/13/2006,8,20,25,53
8/14/2006,18,27,14,59
8/15/2006,17,31,8,56
8/16/2006,25,36,20,81
8/17/2006,23,26,19,68
8/18/2006,20,38,19,77
8/19/2006,25,41,23,89
8/20/2006,17,24,11,52
8/21/2006,23,27,6,56
8/22/2006,19,24,20,63
8/23/2006,22,8,20,50
8/24/2006,15,37,10,62
8/25/2006,22,38,18,78
8/26/2006,19,19,15,53
8/27/2006,20,23,19,62
8/28/2006,23,24,21,68
8/29/2006,19,39,13,71
8/30/2006,8,23,15,46
8/31/2006,17,23,28,68
9/1/2006,12,24,14,50
9/2/2006,25,33,19,77
9/3/2006,22,14,21,57
9/4/2006,20,23,24,67
9/5/2006,21,29,19,69
9/6/2006,24,32,13,69
9/7/2006,23,15,16,54
9/8/2006,23,20,20,63
9/9/2006,18,26,19,63
9/10/2006,18,20,22,60
9/11/2006,18,35,13,66
9/12/2006,17,22,9,48
9/13/2006,20,29,13,62
9/14/2006,15,24,27,66
9/15/2006,7,30,19,56
9/16/2006,25,31,23,79
9/17/2006,22,19,12,53
9/18/2006,20,30,12,62
9/19/2006,19,20,15,54
9/20/2006,15,19,19,53
9/21/2006,29,34,14,77
9/22/2006,20,21,20,61
9/23/2006,16,38,7,61
9/24/2006,24,39,23,86
9/25/2006,19,16,20,55
9/26/2006,24,30,7,61
9/27/2006,20,38,15,73
9/28/2006,16,20,25,61
9/29/2006,20,36,10,66
9/30/2006,19,8,18,45
10/1/2006,13,28,15,56
10/2/2006,11,20,9,40
10/3/2006,22,25,13,60
10/4/2006,14,33,13,60
10/5/2006,11,37,11,59
10/6/2006,13,32,22,67
10/7/2006,25,32,21,78
10/8/2006,22,30,16,68
10/9/2006,14,21,11,46
10/10/2006,25,22,9,56
10/11/2006,21,32,23,76
10/12/2006,19,39,14,72
10/13/2006,18,16,21,55
10/14/2006,21,27,14,62
10/15/2006,18,28,24,70
10/16/2006,20,19,16,55
10/17/2006,16,18,14,48
10/18/2006,20,20,22,62
10/19/2006,11,16,20,47
10/20/2006,25,24,16,65
10/21/2006,21,26,20,67
10/22/2006,16,28,22,66
10/23/2006,11,24,15,50
10/24/2006,17,31,18,66
10/25/2006,27,30,24,81
10/26/2006,20,32,13,65
10/27/2006,9,37,9,55
10/28/2006,20,25,20,65
10/29/2006,21,21,18,60
10/30/2006,17,18,19,54
10/31/2006,25,22,17,64
11/1/2006,20,6,17,43
11/2/2006,23,24,19,66
11/3/2006,21,30,18,69
11/4/2006,26,30,20,76
11/5/2006,16,21,18,55
11/6/2006,8,29,11,48
11/7/2006,20,19,15,54
11/8/2006,18,33,20,71
11/9/2006,12,34,12,58
11/10/2006,24,22,16,62
11/11/2006,17,38,11,66
11/12/2006,23,29,14,66
11/13/2006,18,31,24,73
11/14/2006,23,40,11,74
11/15/2006,21,36,21,78
11/16/2006,20,22,18,60
11/17/2006,22,25,20,67
11/18/2006,20,21,9,50
11/19/2006,19,15,13,47
11/20/2006,7,26,22,55
11/21/2006,30,25,17,72
11/22/2006,24,11,14,49
11/23/2006,14,37,20,71
11/24/2006,20,22,8,50
11/25/2006,15,21,12,48
11/26/2006,16,23,23,62
11/27/2006,19,25,21,65
11/28/2006,18,26,10,54
11/29/2006,19,21,16,56
11/30/2006,23,42,10,75
12/1/2006,10,31,14,55
12/2/2006,25,34,14,73
12/3/2006,21,26,19,66
12/4/2006,20,34,13,67
12/5/2006,18,16,18,52
12/6/2006,20,20,8,48
12/7/2006,12,35,23,70
12/8/2006,26,20,13,59
12/9/2006,23,19,12,54
12/10/2006,32,44,20,96
12/11/2006,18,16,23,57
12/12/2006,20,33,16,69
12/13/2006,15,37,19,71
12/14/2006,28,26,9,63
12/15/2006,12,27,14,53
12/16/2006,15,12,14,41
12/17/2006,21,39,23,83
12/18/2006,11,7,20,38
12/19/2006,17,27,15,59
12/20/2006,20,29,24,73
12/21/2006,27,29,17,73
12/22/2006,19,36,21,76
12/23/2006,30,34,11,75
12/24/2006,15,27,15,57
12/25/2006,11,45,17,73
12/26/2006,16,14,14,44
12/27/2006,20,14,25,59
12/28/2006,15,29,18,62
12/29/2006,28,25,16,69
12/30/2006,19,33,15,67
12/31/2006,21,18,18,57
1/1/2007,22,38,12,72
1/2/2007,28,45,15,88
1/3/2007,24,30,11,65
1/4/2007,20,20,22,62
1/5/2007,32,19,19,70
1/6/2007,13,21,14,48
1/7/2007,18,22,18,58
1/8/2007,20,24,18,62
1/9/2007,18,22,24,64
1/10/2007,17,30,12,59
1/11/2007,29,34,16,79
1/12/2007,8,40,14,62
1/13/2007,22,18,21,61
1/14/2007,13,24,24,61
1/15/2007,18,24,17,59
1/16/2007,15,35,19,69
1/17/2007,27,34,27,88
1/18/2007,23,28,26,77
1/19/2007,22,30,16,68
1/20/2007,13,19,23,55
1/21/2007,13,21,17,51
1/22/2007,22,27,10,59
1/23/2007,25,17,9,51
1/24/2007,20,25,18,63
1/25/2007,30,15,10,55
1/26/2007,25,25,19,69
1/27/2007,21,29,12,62
1/28/2007,16,40,18,74
1/29/2007,14,24,12,50
1/30/2007,12,24,26,62
1/31/2007,19,29,20,68
2/1/2007,23,29,15,67
2/2/2007,16,35,15,66
2/3/2007,19,33,19,71
2/4/2007,19,21,13,53
2/5/2007,17,23,20,60
2/6/2007,28,26,12,66
2/7/2007,17,26,16,59
2/8/2007,23,28,13,64
2/9/2007,21,25,15,61
2/10/2007,20,41,20,81
2/11/2007,11,26,13,50
2/12/2007,18,35,27,80
2/13/2007,11,30,19,60
2/14/2007,19,26,24,69
2/15/2007,11,18,13,42
2/16/2007,16,15,16,47
2/17/2007,22,15,16,53
2/18/2007,14,21,16,51
2/19/2007,23,34,13,70
2/20/2007,32,41,23,96
2/21/2007,20,24,23,67
2/22/2007,26,32,13,71
2/23/2007,23,26,17,66
2/24/2007,21,28,15,64
2/25/2007,25,22,11,58
2/26/2007,22,24,12,58
2/27/2007,20,33,15,68
2/28/2007,26,23,17,66
3/1/2007,24,17,18,59
3/2/2007,21,24,19,64
3/3/2007,15,28,13,56
3/4/2007,11,22,21,54
3/5/2007,28,23,15,66
3/6/2007,19,34,11,64
3/7/2007,14,46,15,75
3/8/2007,20,22,12,54
3/9/2007,19,25,7,51
3/10/2007,19,30,20,69
3/11/2007,18,28,11,57
3/12/2007,20,41,23,84
3/13/2007,21,15,16,52
3/14/2007,14,12,10,36
3/15/2007,22,12,15,49
3/16/2007,23,33,17,73
3/17/2007,27,27,12,66
3/18/2007,31,29,17,77
3/19/2007,25,30,18,73
3/20/2007,12,24,23,59
3/21/2007,23,29,27,79
3/22/2007,22,42,17,81
3/23/2007,18,19,16,53
3/24/2007,26,20,21,67
3/25/2007,16,25,17,58
3/26/2007,25,32,17,74
3/27/2007,25,36,20,81
3/28/2007,23,23,15,61
3/29/2007,14,15,14,43
3/30/2007,11,16,15,42
3/31/2007,11,19,15,45
4/1/2007,18,18,24,60
4/2/2007,20,37,11,68
4/3/2007,22,28,24,74
4/4/2007,22,30,14,66
4/5/2007,30,20,23,73
4/6/2007,17,33,22,72
4/7/2007,19,13,23,55
4/8/2007,14,32,10,56
4/9/2007,22,39,22,83
4/10/2007,16,31,21,68
4/11/2007,24,22,24,70
4/12/2007,18,28,15,61
4/13/2007,10,37,23,70
4/14/2007,18,35,12,65
4/15/2007,23,18,14,55
4/16/2007,20,33,21,74
4/17/2007,25,22,6,53
4/18/2007,22,31,24,77
4/19/2007,18,26,13,57
4/20/2007,6,11,20,37
4/21/2007,27,18,14,59
4/22/2007,15,34,18,67
4/23/2007,18,17,10,45
4/24/2007,26,22,14,62
4/25/2007,22,9,17,48
4/26/2007,18,37,21,76
4/27/2007,12,29,21,62
4/28/2007,22,31,14,67
4/29/2007,27,12,20,59
4/30/2007,15,31,25,71
5/1/2007,24,45,13,82
5/2/2007,26,19,14,59
5/3/2007,17,25,16,58
5/4/2007,20,16,22,58
5/5/2007,18,45,13,76
5/6/2007,17,31,16,64
5/7/2007,18,17,29,64
5/8/2007,20,18,14,52
5/9/2007,18,17,17,52
5/10/2007,25,13,17,55
5/11/2007,19,21,18,58
5/12/2007,32,40,18,90
5/13/2007,19,20,14,53
5/14/2007,27,19,9,55
5/15/2007,24,24,19,67
5/16/2007,25,37,13,75
5/17/2007,15,22,21,58
5/18/2007,11,40,19,70
5/19/2007,16,28,17,61
5/20/2007,12,20,21,53
5/21/2007,28,30,20,78
5/22/2007,15,32,20,67
5/23/2007,27,38,20,85
5/24/2007,24,30,21,75
5/25/2007,11,17,22,50
5/26/2007,10,23,14,47
5/27/2007,17,25,14,56
5/28/2007,11,28,20,59
5/29/2007,17,21,19,57
5/30/2007,25,25,19,69
5/31/2007,14,41,18,73
6/1/2007,20,24,23,67
6/2/2007,22,31,15,68
6/3/2007,18,33,13,64
6/4/2007,22,25,16,63
6/5/2007,19,23,12,54
6/6/2007,15,20,15,50
6/7/2007,20,40,8,68
6/8/2007,19,23,6,48
6/9/2007,22,24,13,59
6/10/2007,18,37,8,63
6/11/2007,20,23,11,54
6/12/2007,21,16,7,44
6/13/2007,27,34,9,70
6/14/2007,22,24,24,70
6/15/2007,18,18,19,55
6/16/2007,12,28,17,57
6/17/2007,24,21,9,54
6/18/2007,20,31,18,69
6/19/2007,23,21,19,63
6/20/2007,23,26,23,72
6/21/2007,15,19,19,53
6/22/2007,11,28,23,62
6/23/2007,27,21,23,71
6/24/2007,20,29,9,58
6/25/2007,19,32,24,75
6/26/2007,17,34,15,66
6/27/2007,27,27,24,78
6/28/2007,13,29,21,63
6/29/2007,15,35,21,71
6/30/2007,20,35,21,76
7/1/2007,11,20,14,45
7/2/2007,16,26,18,60
7/3/2007,21,28,6,55
7/4/2007,22,28,13,63
7/5/2007,30,19,17,66
7/6/2007,15,27,13,55
7/7/2007,16,24,21,61
7/8/2007,22,9,20,51
7/9/2007,19,14,10,43
7/10/2007,26,42,19,87
7/11/2007,16,26,24,66
7/12/2007,21,21,20,62
7/13/2007,19,26,13,58
7/14/2007,24,23,12,59
7/15/2007,14,29,22,65
7/16/2007,22,35,12,69
7/17/2007,11,12,13,36
7/18/2007,15,26,18,59
7/19/2007,21,39,9,69
7/20/2007,16,29,13,58
7/21/2007,20,24,13,57
7/22/2007,24,30,16,70
7/23/2007,28,32,16,76
7/24/2007,18,26,20,64
7/25/2007,20,30,13,63
7/26/2007,19,33,19,71
7/27/2007,19,42,18,79
7/28/2007,22,40,15,77
7/29/2007,18,23,24,65
7/30/2007,17,33,12,62
7/31/2007,14,37,13,64
8/1/2007,20,33,21,74
8/2/2007,20,21,12,53
8/3/2007,20,16,23,59
8/4/2007,17,31,14,62
8/5/2007,24,20,22,66
8/6/2007,14,33,20,67
8/7/2007,8,29,14,51
8/8/2007,23,28,12,63
8/9/2007,13,21,12,46
8/10/2007,20,27,24,71
8/11/2007,24,31,8,63
8/12/2007,25,33,17,75
8/13/2007,14,18,21,53
8/14/2007,21,23,11,55
8/15/2007,16,26,15,57
8/16/2007,24,32,22,78
8/17/2007,13,42,12,67
8/18/2007,18,31,23,72
8/19/2007,10,33,20,63
8/20/2007,13,35,8,56
8/21/2007,19,18,15,52
8/22/2007,14,7,8,29
8/23/2007,18,22,17,57
8/24/2007,17,37,21,75
8/25/2007,18,42,19,79
8/26/2007,19,13,15,47
8/27/2007,15,36,16,67
8/28/2007,25,20,18,63
8/29/2007,10,35,18,63
8/30/2007,28,36,27,91
8/31/2007,14,15,11,40
9/1/2007,25,25,21,71
9/2/2007,16,18,9,43
9/3/2007,21,34,21,76
9/4/2007,30,35,15,80
9/5/2007,19,24,13,56
9/6/2007,18,27,15,60
9/7/2007,18,20,16,54
9/8/2007,15,15,24,54
9/9/2007,24,18,20,62
9/10/2007,29,14,23,66
9/11/2007,15,13,13,41
9/12/2007,17,23,23,63
9/13/2007,17,29,10,56
9/14/2007,20,30,21,71
9/15/2007,19,24,8,51
9/16/2007,20,35,23,78
9/17/2007,22,26,23,71
9/18/2007,12,27,12,51
9/19/2007,16,24,19,59
9/20/2007,19,24,19,62
9/21/2007,26,37,18,81
9/22/2007,17,42,15,74
9/23/2007,21,29,21,71
9/24/2007,11,15,17,43
9/25/2007,29,26,17,72
9/26/2007,22,28,20,70
9/27/2007,15,19,11,45
9/28/2007,16,20,15,51
9/29/2007,10,23,26,59
9/30/2007,18,20,21,59
10/1/2007,17,36,22,75
10/2/2007,19,25,20,64
10/3/2007,19,20,12,51
10/4/2007,21,29,10,60
10/5/2007,23,27,18,68
10/6/2007,15,20,25,60
10/7/2007,22,24,5,51
10/8/2007,14,38,22,74
10/9/2007,23,23,7,53
10/10/2007,22,34,18,74
10/11/2007,19,27,21,67
10/12/2007,18,30,19,67
10/13/2007,31,22,12,65
10/14/2007,12,29,14,55
10/15/2007,19,10,9,38
10/16/2007,10,22,10,42
10/17/2007,12,27,12,51
10/18/2007,13,36,17,66
10/19/2007,13,22,20,55
10/20/2007,14,31,17,62
10/21/2007,16,41,23,80
10/22/2007,20,23,19,62
10/23/2007,17,24,14,55
10/24/2007,23,19,14,56
10/25/2007,22,32,19,73
10/26/2007,23,37,15,75
10/27/2007,27,35,17,79
10/28/2007,14,22,13,49
10/29/2007,22,31,17,70
10/30/2007,31,16,13,60
10/31/2007,15,33,12,60
11/1/2007,24,33,11,68
11/2/2007,22,38,14,74
11/3/2007,25,23,20,68
11/4/2007,22,27,14,63
11/5/2007,14,21,15,50
11/6/2007,22,27,16,65
11/7/2007,10,29,26,65
11/8/2007,23,31,16,70
11/9/2007,21,17,20,58
11/10/2007,17,43,15,75
11/11/2007,16,27,14,57
11/12/2007,27,40,18,85
11/13/2007,11,19,17,47
11/14/2007,13,35,13,61
11/15/2007,17,23,20,60
11/16/2007,16,31,19,66
11/17/2007,20,17,21,58
11/18/2007,10,13,13,36
11/19/2007,22,27,17,66
11/20/2007,15,29,26,70
11/21/2007,22,17,23,62
11/22/2007,22,29,13,64
11/23/2007,25,15,19,59
11/24/2007,19,30,16,65
11/25/2007,20,25,19,64
11/26/2007,9,24,18,51
11/27/2007,14,29,10,53
11/28/2007,11,16,17,44
11/29/2007,24,31,20,75
11/30/2007,22,37,24,83
12/1/2007,22,32,19,73
12/2/2007,31,33,13,77
12/3/2007,26,35,18,79
12/4/2007,25,28,17,70
12/5/2007,19,39,16,74
12/6/2007,23,27,16,66
12/7/2007,23,25,12,60
12/8/2007,22,16,18,56
12/9/2007,22,25,21,68
12/10/2007,24,23,21,68
12/11/2007,16,27,11,54
12/12/2007,29,21,14,64
12/13/2007,17,23,15,55
12/14/2007,22,26,20,68
12/15/2007,20,19,21,60
12/16/2007,15,21,24,60
12/17/2007,16,22,19,57
12/18/2007,17,26,14,57
12/19/2007,22,13,10,45
12/20/2007,21,29,17,67
12/21/2007,25,22,9,56
12/22/2007,21,29,23,73
12/23/2007,25,13,17,55
12/24/2007,16,27,24,67
12/25/2007,30,10,23,63
12/26/2007,25,17,18,60
12/27/2007,16,46,15,77
12/28/2007,25,28,18,71
12/29/2007,14,19,14,47
12/30/2007,23,33,12,68
12/31/2007,14,29,16,59
1/1/2008,21,29,17,67
1/2/2008,15,24,9,48
1/3/2008,23,19,22,64
1/4/2008,13,28,16,57
1/5/2008,11,30,16,57
1/6/2008,22,28,18,68
1/7/2008,18,24,8,50
1/8/2008,14,26,15,55
1/9/2008,17,27,24,68
1/10/2008,17,19,22,58
1/11/2008,21,20,16,57
1/12/2008,23,33,12,68
1/13/2008,15,16,19,50
1/14/2008,14,31,21,66
1/15/2008,22,28,10,60
1/16/2008,16,24,20,60
1/17/2008,12,30,26,68
1/18/2008,27,16,20,63
1/19/2008,28,39,22,89
1/20/2008,13,34,26,73
1/21/2008,20,36,12,68
1/22/2008,17,18,15,50
1/23/2008,17,27,11,55
1/24/2008,17,24,20,61
1/25/2008,16,15,20,51
1/26/2008,15,32,25,72
1/27/2008,31,23,15,69
1/28/2008,17,29,8,54
1/29/2008,23,37,15,75
1/30/2008,20,26,17,63
1/31/2008,25,25,13,63
2/1/2008,17,23,10,50
2/2/2008,19,24,13,56
2/3/2008,20,20,18,58
2/4/2008,18,33,16,67
2/5/2008,26,24,10,60
2/6/2008,13,22,23,58
2/7/2008,24,14,19,57
2/8/2008,26,35,17,78
2/9/2008,17,32,14,63
2/10/2008,14,27,19,60
2/11/2008,21,28,18,67
2/12/2008,15,30,25,70
2/13/2008,20,19,22,61
2/14/2008,18,27,24,69
2/15/2008,23,33,13,69
2/16/2008,22,23,24,69
2/17/2008,26,30,19,75
2/18/2008,27,39,19,85
2/19/2008,22,21,10,53
2/20/2008,27,39,22,88
2/21/2008,24,29,22,75
2/22/2008,23,28,17,68
2/23/2008,13,35,20,68
2/24/2008,22,21,17,60
2/25/2008,13,27,23,63
2/26/2008,8,18,14,40
2/27/2008,16,23,20,59
2/28/2008,16,31,11,58
2/29/2008,14,26,27,67
3/1/2008,24,24,18,66
3/2/2008,21,33,23,77
3/3/2008,19,38,8,65
3/4/2008,13,39,19,71
3/5/2008,18,37,8,63
3/6/2008,17,22,12,51
3/7/2008,19,39,16,74
3/8/2008,29,27,17,73
3/9/2008,23,33,11,67
3/10/2008,23,33,17,73
3/11/2008,19,30,15,64
3/12/2008,22,24,16,62
3/13/2008,17,32,9,58
3/14/2008,17,33,14,64
3/15/2008,19,24,7,50
3/16/2008,27,43,12,82
3/17/2008,25,35,19,79
3/18/2008,18,26,26,70
3/19/2008,21,31,22,74
3/20/2008,23,42,21,86
3/21/2008,22,21,13,56
3/22/2008,22,33,12,67
3/23/2008,18,31,20,69
3/24/2008,18,29,9,56
3/25/2008,17,33,24,74
3/26/2008,14,23,18,55
3/27/2008,23,36,11,70
3/28/2008,16,26,13,55
3/29/2008,23,20,25,68
3/30/2008,20,30,8,58
3/31/2008,20,22,13,55
4/1/2008,16,28,13,57
4/2/2008,15,24,20,59
4/3/2008,23,36,13,72
4/4/2008,17,28,17,62
4/5/2008,17,17,14,48
4/6/2008,20,31,15,66
4/7/2008,20,29,21,70
4/8/2008,16,31,12,59
4/9/2008,21,36,17,74
4/10/2008,16,37,23,76
4/11/2008,28,30,16,74
4/12/2008,14,39,21,74
4/13/2008,14,31,15,60
4/14/2008,21,29,10,60
4/15/2008,21,36,20,77
4/16/2008,17,16,22,55
4/17/2008,27,18,13,58
4/18/2008,27,44,16,87
4/19/2008,16,28,23,67
4/20/2008,16,32,25,73
4/21/2008,28,37,28,93
4/22/2008,19,18,23,60
4/23/2008,9,27,18,54
4/24/2008,21,21,17,59
4/25/2008,25,26,16,67
4/26/2008,16,23,13,52
4/27/2008,26,26,12,64
4/28/2008,15,37,23,75
4/29/2008,14,29,13,56
4/30/2008,12,38,11,61
5/1/2008,23,24,20,67
5/2/2008,11,12,18,41
5/3/2008,20,24,23,67
5/4/2008,25,25,19,69
5/5/2008,12,23,25,60
5/6/2008,18,14,23,55
5/7/2008,12,17,8,37
5/8/2008,20,19,20,59
5/9/2008,23,30,20,73
5/10/2008,25,31,28,84
5/11/2008,23,38,19,80
5/12/2008,15,13,15,43
5/13/2008,30,27,16,73
5/14/2008,19,14,18,51
5/15/2008,21,30,13,64
5/16/2008,22,36,18,76
5/17/2008,23,26,5,54
5/18/2008,21,12,24,57
5/19/2008,19,25,14,58
5/20/2008,27,30,21,78
5/21/2008,18,26,26,70
5/22/2008,17,22,13,52
5/23/2008,29,16,8,53
5/24/2008,18,28,23,69
5/25/2008,26,26,20,72
5/26/2008,21,16,11,48
5/27/2008,20,31,28,79
5/28/2008,16,36,16,68
5/29/2008,19,33,23,75
5/30/2008,17,40,9,66
5/31/2008,19,28,14,61
6/1/2008,10,14,17,41
6/2/2008,16,24,21,61
6/3/2008,17,28,16,61
6/4/2008,24,25,24,73
6/5/2008,14,17,22,53
6/6/2008,11,27,18,56
6/7/2008,19,10,10,39
6/8/2008,24,31,13,68
6/9/2008,23,22,19,64
6/10/2008,16,40,24,80
6/11/2008,26,17,13,56
6/12/2008,25,22,16,63
6/13/2008,26,20,12,58
6/14/2008,19,41,16,76
6/15/2008,21,19,13,53
6/16/2008,19,39,10,68
6/17/2008,10,11,17,38
6/18/2008,25,23,10,58
6/19/2008,22,33,16,71
6/20/2008,21,25,13,59
6/21/2008,22,22,15,59
6/22/2008,26,27,23,76
6/23/2008,18,38,23,79
6/24/2008,19,33,26,78
6/25/2008,17,31,23,71
6/26/2008,12,22,17,51
6/27/2008,27,11,18,56
6/28/2008,20,34,14,68
6/29/2008,22,23,24,69
6/30/2008,15,36,19,70
7/1/2008,27,36,19,82
7/2/2008,25,26,9,60
7/3/2008,19,25,21,65
7/4/2008,24,19,19,62
7/5/2008,16,23,21,60
7/6/2008,25,20,22,67
7/7/2008,16,28,15,59
7/8/2008,24,35,20,79
7/9/2008,25,22,15,62
7/10/2008,17,39,20,76
7/11/2008,19,40,20,79
7/12/2008,13,13,13,39
7/13/2008,25,42,25,92
7/14/2008,22,24,19,65
7/15/2008,15,33,14,62
7/16/2008,21,35,18,74
7/17/2008,19,32,20,71
7/18/2008,19,19,9,47
7/19/2008,17,9,28,54
7/20/2008,20,27,21,68
7/21/2008,21,20,18,59
7/22/2008,19,32,18,69
7/23/2008,20,24,18,62
7/24/2008,19,29,20,68
7/25/2008,19,33,20,72
7/26/2008,21,34,13,68
7/27/2008,18,28,23,69
7/28/2008,26,19,23,68
7/29/2008,20,33,18,71
7/30/2008,13,22,17,52
7/31/2008,23,38,11,72
8/1/2008,21,35,11,67
8/2/2008,22,32,18,72
8/3/2008,21,37,17,75
8/4/2008,15,32,14,61
8/5/2008,9,31,13,53
8/6/2008,18,26,18,62
8/7/2008,19,22,11,52
8/8/2008,19,33,17,69
8/9/2008,14,33,20,67
8/10/2008,15,16,17,48
8/11/2008,9,37,20,66
8/12/2008,18,37,22,77
8/13/2008,16,39,24,79
8/14/2008,19,25,19,63
8/15/2008,22,24,21,67
8/16/2008,17,24,25,66
8/17/2008,21,29,12,62
8/18/2008,18,24,22,64
8/19/2008,10,34,18,62
8/20/2008,16,10,11,37
8/21/2008,20,9,14,43
8/22/2008,28,23,13,64
8/23/2008,12,33,9,54
8/24/2008,23,34,8,65
8/25/2008,19,17,17,53
8/26/2008,15,29,12,56
8/27/2008,13,12,17,42
8/28/2008,28,15,8,51
8/29/2008,12,32,12,56
8/30/2008,14,27,25,66
8/31/2008,30,24,12,66
9/1/2008,20,25,16,61
9/2/2008,12,28,16,56
9/3/2008,16,41,24,81
9/4/2008,16,20,9,45
9/5/2008,26,24,10,60
9/6/2008,25,30,14,69
9/7/2008,18,28,7,53
9/8/2008,15,41,4,60
9/9/2008,17,22,21,60
9/10/2008,26,23,12,61
9/11/2008,25,36,18,79
9/12/2008,24,29,8,61
9/13/2008,21,23,15,59
9/14/2008,25,33,6,64
9/15/2008,17,26,20,63
9/16/2008,20,16,22,58
9/17/2008,22,22,21,65
9/18/2008,20,27,20,67
9/19/2008,20,41,16,77
9/20/2008,29,27,12,68
9/21/2008,15,23,6,44
9/22/2008,12,30,12,54
9/23/2008,18,37,20,75
9/24/2008,23,31,21,75
9/25/2008,10,25,20,55
9/26/2008,19,30,19,68
9/27/2008,24,26,9,59
9/28/2008,11,24,25,60
9/29/2008,19,36,23,78
9/30/2008,22,23,20,65
10/1/2008,22,29,12,63
10/2/2008,25,38,15,78
10/3/2008,15,29,5,49
10/4/2008,18,26,19,63
10/5/2008,14,25,16,55
10/6/2008,19,33,19,71
10/7/2008,12,25,13,50
10/8/2008,25,18,11,54
10/9/2008,30,33,17,80
10/10/2008,23,20,12,55
10/11/2008,13,10,21,44
10/12/2008,18,23,19,60
10/13/2008,14,33,22,69
10/14/2008,16,17,12,45
10/15/2008,22,27,10,59
10/16/2008,8,35,22,65
10/17/2008,13,23,16,52
10/18/2008,14,17,9,40
10/19/2008,19,23,13,55
10/20/2008,14,22,19,55
10/21/2008,26,35,16,77
10/22/2008,16,21,14,51
10/23/2008,24,41,9,74
10/24/2008,16,28,23,67
10/25/2008,20,28,16,64
10/26/2008,21,17,17,55
10/27/2008,22,24,15,61
10/28/2008,12,14,21,47
10/29/2008,21,30,10,61
10/30/2008,12,42,27,81
10/31/2008,20,27,10,57
11/1/2008,17,26,21,64
11/2/2008,22,27,14,63
11/3/2008,13,22,17,52
11/4/2008,17,18,7,42
11/5/2008,16,37,18,71
11/6/2008,18,29,24,71
11/7/2008,24,25,20,69
11/8/2008,15,34,16,65
11/9/2008,19,31,13,63
11/10/2008,24,31,15,70
11/11/2008,28,26,14,68
11/12/2008,12,32,10,54
11/13/2008,20,34,17,71
11/14/2008,9,24,19,52
11/15/2008,24,33,18,75
11/16/2008,20,27,24,71
11/17/2008,19,38,23,80
11/18/2008,17,7,22,46
11/19/2008,8,22,15,45
11/20/2008,19,21,17,57
11/21/2008,23,20,24,67
11/22/2008,18,32,12,62
11/23/2008,27,13,21,61
11/24/2008,16,25,21,62
11/25/2008,17,25,15,57
11/26/2008,25,32,19,76
11/27/2008,19,31,11,61
11/28/2008,25,42,26,93
11/29/2008,18,35,25,78
11/30/2008,16,18,8,42
12/1/2008,25,25,20,70
12/2/2008,27,30,12,69
12/3/2008,7,25,18,50
12/4/2008,15,13,15,43
12/5/2008,24,25,17,66
12/6/2008,14,36,13,63
12/7/2008,14,27,6,47
12/8/2008,12,33,8,53
12/9/2008,8,23,14,45
12/10/2008,20,42,21,83
12/11/2008,10,29,16,55
12/12/2008,20,32,18,70
12/13/2008,22,12,13,47
12/14/2008,19,27,23,69
12/15/2008,19,20,18,57
12/16/2008,17,7,10,34
12/17/2008,25,38,15,78
12/18/2008,22,30,13,65
12/19/2008,13,27,18,58
12/20/2008,9,31,15,55
12/21/2008,23,40,13,76
12/22/2008,19,23,17,59
12/23/2008,17,15,20,52
12/24/2008,26,26,10,62
12/25/2008,12,41,20,73
12/26/2008,20,30,14,64
12/27/2008,20,23,20,63
12/28/2008,19,31,14,64
12/29/2008,22,24,19,65
12/30/2008,23,27,11,61
12/31/2008,19,30,11,60
1/1/2009,25,19,19,63
1/2/2009,14,31,21,66
1/3/2009,24,25,11,60
1/4/2009,11,16,17,44
1/5/2009,23,15,15,53
1/6/2009,16,17,19,52
1/7/2009,11,44,13,68
1/8/2009,19,26,22,67
1/9/2009,24,38,10,72
1/10/2009,24,40,22,86
1/11/2009,8,17,16,41
1/12/2009,24,12,14,50
1/13/2009,20,26,17,63
1/14/2009,20,29,16,65
1/15/2009,14,33,20,67
1/16/2009,18,21,16,55
1/17/2009,13,26,14,53
1/18/2009,27,16,13,56
1/19/2009,22,29,23,74
1/20/2009,22,25,22,69
1/21/2009,27,36,15,78
1/22/2009,18,38,12,68
1/23/2009,19,26,9,54
1/24/2009,19,13,21,53
1/25/2009,20,26,24,70
1/26/2009,17,25,22,64
1/27/2009,20,25,12,57
1/28/2009,8,14,17,39
1/29/2009,12,38,18,68
1/30/2009,17,28,21,66
1/31/2009,20,19,13,52
2/1/2009,26,25,14,65
2/2/2009,19,31,23,73
2/3/2009,26,29,6,61
2/4/2009,18,23,18,59
2/5/2009,17,29,22,68
2/6/2009,25,28,18,71
2/7/2009,18,14,12,44
2/8/2009,17,34,16,67
2/9/2009,18,29,19,66
2/10/2009,18,17,8,43
2/11/2009,18,27,6,51
2/12/2009,27,28,22,77
2/13/2009,15,17,19,51
2/14/2009,17,34,18,69
2/15/2009,25,37,20,82
2/16/2009,13,17,13,43
2/17/2009,21,29,10,60
2/18/2009,27,26,12,65
2/19/2009,23,24,16,63
2/20/2009,18,33,16,67
2/21/2009,24,22,24,70
2/22/2009,21,36,23,80
2/23/2009,19,27,14,60
2/24/2009,14,30,22,66
2/25/2009,29,29,26,84
2/26/2009,15,29,20,64
2/27/2009,21,38,21,80
2/28/2009,24,24,9,57
3/1/2009,21,33,12,66
3/2/2009,16,16,19,51
3/3/2009,15,20,22,57
3/4/2009,22,38,10,70
3/5/2009,9,25,18,52
3/6/2009,17,32,22,71
3/7/2009,15,27,19,61
3/8/2009,22,10,24,56
3/9/2009,24,22,11,57
3/10/2009,28,23,27,78
3/11/2009,19,30,19,68
3/12/2009,19,33,20,72
3/13/2009,16,29,22,67
3/14/2009,20,24,16,60
3/15/2009,23,34,12,69
3/16/2009,18,30,22,70
3/17/2009,23,29,9,61
3/18/2009,8,35,18,61
3/19/2009,24,27,17,68
3/20/2009,20,30,16,66
3/21/2009,18,17,16,51
3/22/2009,17,34,10,61
3/23/2009,13,31,16,60
3/24/2009,14,32,5,51
3/25/2009,17,24,14,55
3/26/2009,16,35,21,72
3/27/2009,16,24,18,58
3/28/2009,17,24,14,55
3/29/2009,23,27,22,72
3/30/2009,13,44,15,72
3/31/2009,26,23,17,66
4/1/2009,20,20,17,57
4/2/2009,12,34,17,63
4/3/2009,28,28,21,77
4/4/2009,18,22,14,54
4/5/2009,16,28,14,58
4/6/2009,22,28,7,57
4/7/2009,24,19,16,59
4/8/2009,21,26,14,61
4/9/2009,22,17,10,49
4/10/2009,21,26,15,62
4/11/2009,29,31,19,79
4/12/2009,27,39,17,83
4/13/2009,23,28,21,72
4/14/2009,19,42,21,82
4/15/2009,21,20,8,49
4/16/2009,23,24,11,58
4/17/2009,18,32,14,64
4/18/2009,19,33,15,67
4/19/2009,13,28,16,57
4/20/2009,19,13,20,52
4/21/2009,16,24,23,63
4/22/2009,18,34,25,77
4/23/2009,24,35,23,82
4/24/2009,21,25,17,63
4/25/2009,16,30,20,66
4/26/2009,27,36,14,77
4/27/2009,21,20,16,57
4/28/2009,18,20,12,50
4/29/2009,20,33,17,70
4/30/2009,28,32,12,72
5/1/2009,25,18,24,67
5/2/2009,12,28,25,65
5/3/2009,14,29,9,52
5/4/2009,22,34,25,81
5/5/2009,15,34,23,72
5/6/2009,12,20,11,43
5/7/2009,17,35,11,63
5/8/2009,15,13,12,40
5/9/2009,17,20,15,52
5/10/2009,22,20,27,69
5/11/2009,19,19,7,45
5/12/2009,17,10,17,44
5/13/2009,20,13,16,49
5/14/2009,28,18,18,64
5/15/2009,21,35,14,70
5/16/2009,13,14,18,45
5/17/2009,19,11,17,47
5/18/2009,30,37,21,88
5/19/2009,14,29,9,52
5/20/2009,17,15,20,52
5/21/2009,16,25,18,59
5/22/2009,20,45,22,87
5/23/2009,15,24,12,51
5/24/2009,21,35,17,73
5/25/2009,22,46,15,83
5/26/2009,26,34,13,73
5/27/2009,15,18,25,58
5/28/2009,21,38,14,73
5/29/2009,25,19,25,69
5/30/2009,19,25,18,62
5/31/2009,11,21,12,44
6/1/2009,28,22,17,67
6/2/2009,16,42,16,74
6/3/2009,15,31,14,60
6/4/2009,22,30,21,73
6/5/2009,23,32,9,64
6/6/2009,21,23,10,54
6/7/2009,14,28,10,52
6/8/2009,22,22,21,65
6/9/2009,25,26,17,68
6/10/2009,25,17,19,61
6/11/2009,20,26,19,65
6/12/2009,22,17,13,52
6/13/2009,24,28,27,79
6/14/2009,13,34,19,66
6/15/2009,23,23,17,63
6/16/2009,22,39,17,78
6/17/2009,26,23,12,61
6/18/2009,24,31,22,77
6/19/2009,27,34,16,77
6/20/2009,23,26,17,66
6/21/2009,14,23,16,53
6/22/2009,15,23,11,49
6/23/2009,21,21,12,54
6/24/2009,18,29,16,63
6/25/2009,23,20,22,65
6/26/2009,12,23,14,49
6/27/2009,15,15,8,38
6/28/2009,16,37,15,68
6/29/2009,20,26,16,62
6/30/2009,18,19,17,54
7/1/2009,20,29,17,66
7/2/2009,14,21,14,49
7/3/2009,23,35,13,71
7/4/2009,22,35,9,66
7/5/2009,29,23,8,60
7/6/2009,22,33,13,68
7/7/2009,19,37,20,76
7/8/2009,25,28,15,68
7/9/2009,24,29,9,62
7/10/2009,16,23,14,53
7/11/2009,24,29,25,78
7/12/2009,12,34,21,67
7/13/2009,19,22,20,61
7/14/2009,23,30,11,64
7/15/2009,18,44,12,74
7/16/2009,15,27,20,62
7/17/2009,26,31,15,72
7/18/2009,25,23,17,65
7/19/2009,18,29,19,66
7/20/2009,31,17,16,64
7/21/2009,8,30,17,55
7/22/2009,19,38,25,82
7/23/2009,19,32,18,69
7/24/2009,19,30,26,75
7/25/2009,27,18,18,63
7/26/2009,17,19,18,54
7/27/2009,30,28,26,84
7/28/2009,17,12,10,39
7/29/2009,24,24,9,57
7/30/2009,27,45,13,85
7/31/2009,25,25,19,69
8/1/2009,25,23,6,54
8/2/2009,18,16,21,55
8/3/2009,20,20,12,52
8/4/2009,23,26,18,67
8/5/2009,28,36,15,79
8/6/2009,19,38,20,77
8/7/2009,29,20,22,71
8/8/2009,22,33,14,69
8/9/2009,20,28,11,59
8/10/2009,16,38,8,62
8/11/2009,20,25,9,54
8/12/2009,15,24,18,57
8/13/2009,20,34,12,66
8/14/2009,28,26,12,66
8/15/2009,16,28,15,59
8/16/2009,24,34,20,78
8/17/2009,21,22,13,56
8/18/2009,22,15,15,52
8/19/2009,18,22,14,54
8/20/2009,18,27,21,66
8/21/2009,20,28,11,59
8/22/2009,16,37,13,66
8/23/2009,24,23,12,59
8/24/2009,25,20,23,68
8/25/2009,26,32,16,74
8/26/2009,18,13,12,43
8/27/2009,19,31,11,61
8/28/2009,18,27,19,64
8/29/2009,20,23,13,56
8/30/2009,23,42,20,85
8/31/2009,21,38,14,73
9/1/2009,18,27,21,66
9/2/2009,16,29,17,62
9/3/2009,19,22,9,50
9/4/2009,20,28,14,62
9/5/2009,18,26,28,72
9/6/2009,18,31,20,69
9/7/2009,17,19,17,53
9/8/2009,30,26,22,78
9/9/2009,15,22,16,53
9/10/2009,18,19,15,52
9/11/2009,20,29,17,66
9/12/2009,24,29,18,71
9/13/2009,14,25,15,54
9/14/2009,23,26,16,65
9/15/2009,13,25,21,59
9/16/2009,19,32,21,72
9/17/2009,17,25,7,49
9/18/2009,17,39,10,66
9/19/2009,16,36,20,72
9/20/2009,22,41,13,76
9/21/2009,25,34,17,76
9/22/2009,19,29,15,63
9/23/2009,22,34,12,68
9/24/2009,24,40,6,70
9/25/2009,16,20,19,55
9/26/2009,15,25,13,53
9/27/2009,17,26,18,61
9/28/2009,19,26,11,56
9/29/2009,25,12,17,54
9/30/2009,21,28,24,73
10/1/2009,17,31,25,73
10/2/2009,21,29,21,71
10/3/2009,30,22,20,72
10/4/2009,14,27,18,59
10/5/2009,23,26,22,71
10/6/2009,21,16,18,55
10/7/2009,20,33,11,64
10/8/2009,22,20,8,50
10/9/2009,19,27,17,63
10/10/2009,25,25,11,61
10/11/2009,18,30,11,59
10/12/2009,16,29,18,63
10/13/2009,23,14,11,48
10/14/2009,15,35,17,67
10/15/2009,17,36,18,71
10/16/2009,18,29,6,53
10/17/2009,28,23,26,77
10/18/2009,14,17,15,46
10/19/2009,22,23,17,62
10/20/2009,19,26,16,61
10/21/2009,24,28,20,72
10/22/2009,20,31,22,73
10/23/2009,14,21,19,54
10/24/2009,27,28,25,80
10/25/2009,19,25,16,60
10/26/2009,15,33,10,58
10/27/2009,19,28,23,70
10/28/2009,16,28,16,60
10/29/2009,17,30,17,64
10/30/2009,24,20,23,67
10/31/2009,18,33,15,66
11/1/2009,27,22,17,66
11/2/2009,19,31,9,59
11/3/2009,22,24,14,60
11/4/2009,26,29,13,68
11/5/2009,12,23,14,49
11/6/2009,11,15,15,41
11/7/2009,21,41,27,89
11/8/2009,20,23,9,52
11/9/2009,22,24,16,62
11/10/2009,12,26,12,50
11/11/2009,18,20,26,64
11/12/2009,28,18,14,60
11/13/2009,20,18,29,67
11/14/2009,17,23,20,60
11/15/2009,25,21,25,71
11/16/2009,17,24,20,61
11/17/2009,30,35,14,79
11/18/2009,25,19,19,63
11/19/2009,6,31,12,49
11/20/2009,25,31,19,75
11/21/2009,23,21,16,60
11/22/2009,26,17,28,71
11/23/2009,14,34,11,59
11/24/2009,16,19,21,56
11/25/2009,18,16,22,56
11/26/2009,22,14,14,50
11/27/2009,14,18,24,56
11/28/2009,25,26,18,69
11/29/2009,20,18,10,48
11/30/2009,28,21,25,74
12/1/2009,21,34,11,66
12/2/2009,15,26,22,63
12/3/2009,33,19,19,71
12/4/2009,30,29,13,72
12/5/2009,18,22,11,51
12/6/2009,14,23,24,61
12/7/2009,25,34,15,74
12/8/2009,22,21,13,56
12/9/2009,14,29,15,58
12/10/2009,19,15,20,54
12/11/2009,24,14,21,59
12/12/2009,20,29,15,64
12/13/2009,18,30,19,67
12/14/2009,25,25,17,67
12/15/2009,16,20,20,56
12/16/2009,17,18,21,56
12/17/2009,9,41,15,65
12/18/2009,15,22,22,59
12/19/2009,24,29,21,74
12/20/2009,22,34,13,69
12/21/2009,19,8,15,42
12/22/2009,27,31,11,69
12/23/2009,20,16,17,53
12/24/2009,13,34,17,64
12/25/2009,24,22,22,68
12/26/2009,14,18,12,44
12/27/2009,21,21,17,59
12/28/2009,23,27,18,68
12/29/2009,21,15,15,51
12/30/2009,16,17,24,57
12/31/2009,16,34,20,70
1/1/2010,23,26,10,59
1/2/2010,15,29,22,66
1/3/2010,19,24,17,60
1/4/2010,22,27,16,65
1/5/2010,24,15,13,52
1/6/2010,24,35,19,78
1/7/2010,20,39,14,73
1/8/2010,22,28,21,71
1/9/2010,30,14,25,69
1/10/2010,29,30,13,72
1/11/2010,17,46,9,72
1/12/2010,18,24,20,62
1/13/2010,29,24,18,71
1/14/2010,16,25,22,63
1/15/2010,28,24,22,74
1/16/2010,26,28,20,74
1/17/2010,21,36,17,74
1/18/2010,17,32,21,70
1/19/2010,24,37,21,82
1/20/2010,19,24,22,65
1/21/2010,15,32,11,58
1/22/2010,16,33,15,64
1/23/2010,24,12,13,49
1/24/2010,27,27,24,78
1/25/2010,18,31,16,65
1/26/2010,16,38,22,76
1/27/2010,19,22,21,62
1/28/2010,16,43,8,67
1/29/2010,17,34,11,62
1/30/2010,15,32,8,55
1/31/2010,16,25,15,56
2/1/2010,17,31,18,66
2/2/2010,12,17,22,51
2/3/2010,12,23,24,59
2/4/2010,23,13,20,56
2/5/2010,25,24,20,69
2/6/2010,9,35,19,63
2/7/2010,17,25,24,66
2/8/2010,27,17,14,58
2/9/2010,22,41,10,73
2/10/2010,19,31,10,60
2/11/2010,29,27,19,75
2/12/2010,19,14,18,51
2/13/2010,16,22,19,57
2/14/2010,26,22,22,70
2/15/2010,24,37,16,77
2/16/2010,11,37,8,56
2/17/2010,18,35,12,65
2/18/2010,13,20,24,57
2/19/2010,16,31,11,58
2/20/2010,24,29,14,67
2/21/2010,10,33,21,64
2/22/2010,14,36,11,61
2/23/2010,19,32,22,73
2/24/2010,13,20,12,45
2/25/2010,20,28,6,54
2/26/2010,19,22,21,62
2/27/2010,18,30,21,69
2/28/2010,15,14,24,53
3/1/2010,31,24,22,77
3/2/2010,32,28,17,77
3/3/2010,13,22,9,44
3/4/2010,11,23,13,47
3/5/2010,21,28,17,66
3/6/2010,19,25,17,61
3/7/2010,22,23,13,58
3/8/2010,17,28,12,57
3/9/2010,13,29,17,59
3/10/2010,16,27,15,58
3/11/2010,12,35,22,69
3/12/2010,20,27,10,57
3/13/2010,19,22,17,58
3/14/2010,29,14,25,68
3/15/2010,27,33,14,74
3/16/2010,14,24,14,52
3/17/2010,19,39,13,71
3/18/2010,26,23,15,64
3/19/2010,25,35,13,73
3/20/2010,22,28,10,60
3/21/2010,26,32,16,74
3/22/2010,29,16,21,66
3/23/2010,24,31,19,74
3/24/2010,20,36,15,71
3/25/2010,23,22,13,58
3/26/2010,21,24,20,65
3/27/2010,22,17,8,47
3/28/2010,20,18,19,57
3/29/2010,30,31,19,80
3/30/2010,24,17,18,59
3/31/2010,19,22,8,49
4/1/2010,20,37,14,71
4/2/2010,13,27,16,56
4/3/2010,19,34,7,60
4/4/2010,16,35,24,75
4/5/2010,20,25,12,57
4/6/2010,21,24,14,59
4/7/2010,20,28,21,69
4/8/2010,23,29,22,74
4/9/2010,14,27,12,53
4/10/2010,9,29,14,52
4/11/2010,8,18,13,39
4/12/2010,18,20,15,53
4/13/2010,25,29,10,64
4/14/2010,15,21,21,57
4/15/2010,15,28,15,58
4/16/2010,22,23,17,62
4/17/2010,24,32,16,72
4/18/2010,17,38,13,68
4/19/2010,22,31,17,70
4/20/2010,9,39,25,73
4/21/2010,19,18,10,47
4/22/2010,18,33,18,69
4/23/2010,19,16,24,59
4/24/2010,26,30,21,77
4/25/2010,20,42,15,77
4/26/2010,14,26,26,66
4/27/2010,14,13,17,44
4/28/2010,9,21,15,45
4/29/2010,19,19,12,50
4/30/2010,16,26,19,61
5/1/2010,28,25,13,66
5/2/2010,17,30,24,71
5/3/2010,26,25,25,76
5/4/2010,27,30,27,84
5/5/2010,21,33,15,69
5/6/2010,16,38,20,74
5/7/2010,15,35,11,61
5/8/2010,23,35,20,78
5/9/2010,25,33,7,65
5/10/2010,17,32,16,65
5/11/2010,25,24,20,69
5/12/2010,18,26,15,59
5/13/2010,16,28,12,56
5/14/2010,13,31,15,59
5/15/2010,19,25,16,60
5/16/2010,20,27,17,64
5/17/2010,17,32,18,67
5/18/2010,27,29,13,69
5/19/2010,16,28,28,72
5/20/2010,23,26,10,59
5/21/2010,17,22,14,53
5/22/2010,22,25,14,61
5/23/2010,19,37,19,75
5/24/2010,14,21,18,53
5/25/2010,10,20,6,36
5/26/2010,17,13,17,47
5/27/2010,29,38,25,92
5/28/2010,15,31,22,68
5/29/2010,25,26,11,62
5/30/2010,16,38,13,67
5/31/2010,27,27,13,67
6/1/2010,18,30,23,71
6/2/2010,15,37,16,68
6/3/2010,29,27,9,65
6/4/2010,20,23,14,57
6/5/2010,23,25,13,61
6/6/2010,14,21,17,52
6/7/2010,22,31,19,72
6/8/2010,32,26,20,78
6/9/2010,16,20,18,54
6/10/2010,29,35,13,77
6/11/2010,30,29,15,74
6/12/2010,24,37,10,71
6/13/2010,15,26,16,57
6/14/2010,17,21,8,46
6/15/2010,24,24,15,63
6/16/2010,27,18,10,55
6/17/2010,24,34,23,81
6/18/2010,14,23,15,52
6/19/2010,18,23,14,55
6/20/2010,23,27,19,69
6/21/2010,21,29,14,64
6/22/2010,25,22,8,55
6/23/2010,14,26,9,49
6/24/2010,27,33,19,79
6/25/2010,18,33,14,65
6/26/2010,20,23,18,61
6/27/2010,33,19,21,73
6/28/2010,22,26,16,64
6/29/2010,9,24,14,47
6/30/2010,10,36,14,60
7/1/2010,9,45,16,70
7/2/2010,32,27,8,67
7/3/2010,20,17,17,54
7/4/2010,27,30,11,68
7/5/2010,22,25,17,64
7/6/2010,23,29,27,79
7/7/2010,21,28,19,68
7/8/2010,13,35,8,56
7/9/2010,19,34,13,66
7/10/2010,15,19,21,55
7/11/2010,24,32,12,68
7/12/2010,26,37,29,92
7/13/2010,17,27,17,61
7/14/2010,25,29,16,70
7/15/2010,9,28,9,46
7/16/2010,16,25,25,66
7/17/2010,27,27,21,75
7/18/2010,23,12,10,45
7/19/2010,11,32,22,65
7/20/2010,13,15,22,50
7/21/2010,22,35,19,76
7/22/2010,18,37,12,67
7/23/2010,19,20,9,48
7/24/2010,21,16,14,51
7/25/2010,22,30,16,68
7/26/2010,18,34,8,60
7/27/2010,19,22,15,56
7/28/2010,16,24,21,61
7/29/2010,20,21,6,47
7/30/2010,25,25,12,62
7/31/2010,17,25,18,60
8/1/2010,21,25,10,56
8/2/2010,19,27,17,63
8/3/2010,25,40,11,76
8/4/2010,10,10,16,36
8/5/2010,16,43,17,76
8/6/2010,11,33,24,68
8/7/2010,23,36,19,78
8/8/2010,13,26,16,55
8/9/2010,17,27,17,61
8/10/2010,22,35,12,69
8/11/2010,24,32,11,67
8/12/2010,19,34,10,63
8/13/2010,19,15,20,54
8/14/2010,29,41,21,91
8/15/2010,18,33,11,62
8/16/2010,14,33,9,56
8/17/2010,16,29,16,61
8/18/2010,33,31,13,77
8/19/2010,30,38,16,84
8/20/2010,20,14,10,44
8/21/2010,17,17,16,50
8/22/2010,14,41,13,68
8/23/2010,15,21,15,51
8/24/2010,17,23,7,47
8/25/2010,22,33,23,78
8/26/2010,10,28,12,50
8/27/2010,20,24,21,65
8/28/2010,13,31,11,55
8/29/2010,26,20,23,69
8/30/2010,19,39,17,75
8/31/2010,21,23,22,66
9/1/2010,13,30,22,65
9/2/2010,21,14,23,58
9/3/2010,24,25,13,62
9/4/2010,17,37,26,80
9/5/2010,17,12,18,47
9/6/2010,16,18,21,55
9/7/2010,20,33,13,66
9/8/2010,21,24,10,55
9/9/2010,21,30,17,68
9/10/2010,26,31,22,79
9/11/2010,22,37,23,82
9/12/2010,25,23,13,61
9/13/2010,17,34,24,75
9/14/2010,26,32,17,75
9/15/2010,18,26,19,63
9/16/2010,12,21,15,48
9/17/2010,16,25,27,68
9/18/2010,23,20,21,64
9/19/2010,24,22,18,64
9/20/2010,23,29,16,68
9/21/2010,17,30,14,61
9/22/2010,25,32,12,69
9/23/2010,23,23,12,58
9/24/2010,21,31,10,62
9/25/2010,25,40,13,78
9/26/2010,17,34,16,67
9/27/2010,31,27,15,73
9/28/2010,20,26,20,66
9/29/2010,22,23,15,60
9/30/2010,17,25,15,57
10/1/2010,22,39,11,72
10/2/2010,17,19,25,61
10/3/2010,19,32,10,61
10/4/2010,13,20,15,48
10/5/2010,23,27,19,69
10/6/2010,22,29,19,70
10/7/2010,26,41,17,84
10/8/2010,16,35,22,73
10/9/2010,15,27,17,59
10/10/2010,27,32,20,79
10/11/2010,23,35,15,73
10/12/2010,26,33,17,76
10/13/2010,22,27,12,61
10/14/2010,18,25,18,61
10/15/2010,23,23,18,64
10/16/2010,21,21,13,55
10/17/2010,23,14,22,59
10/18/2010,17,19,15,51
10/19/2010,17,14,19,50
10/20/2010,28,16,7,51
10/21/2010,18,30,23,71
10/22/2010,14,32,24,70
10/23/2010,18,35,14,67
10/24/2010,21,42,11,74
10/25/2010,25,32,17,74
10/26/2010,21,27,9,57
10/27/2010,20,22,23,65
10/28/2010,16,29,21,66
10/29/2010,25,22,15,62
10/30/2010,24,18,19,61
10/31/2010,13,17,6,36
11/1/2010,10,22,22,54
11/2/2010,15,26,20,61
11/3/2010,15,29,14,58
11/4/2010,16,22,21,59
11/5/2010,17,37,13,67
11/6/2010,23,28,13,64
11/7/2010,13,17,15,45
11/8/2010,14,33,24,71
11/9/2010,21,47,25,93
11/10/2010,21,37,17,75
11/11/2010,21,45,24,90
11/12/2010,15,20,8,43
11/13/2010,16,19,11,46
11/14/2010,18,30,13,61
11/15/2010,21,18,12,51
11/16/2010,24,20,19,63
11/17/2010,24,27,15,66
11/18/2010,18,23,11,52
11/19/2010,19,29,10,58
11/20/2010,21,43,8,72
11/21/2010,20,28,10,58
11/22/2010,19,25,17,61
11/23/2010,9,37,20,66
11/24/2010,12,37,23,72
11/25/2010,14,14,27,55
11/26/2010,22,24,29,75
11/27/2010,25,28,8,61
11/28/2010,18,36,10,64
11/29/2010,19,31,17,67
11/30/2010,21,23,23,67
12/1/2010,17,14,15,46
12/2/2010,14,15,9,38
12/3/2010,20,27,24,71
12/4/2010,15,29,26,70
12/5/2010,22,28,16,66
12/6/2010,27,17,17,61
12/7/2010,16,17,18,51
12/8/2010,13,31,18,62
12/9/2010,12,17,11,40
12/10/2010,16,26,13,55
12/11/2010,17,39,12,68
12/12/2010,18,27,15,60
12/13/2010,20,37,21,78
12/14/2010,15,38,12,65
12/15/2010,23,29,16,68
12/16/2010,25,43,13,81
12/17/2010,18,22,29,69
12/18/2010,11,23,13,47
12/19/2010,19,21,10,50
12/20/2010,21,30,21,72
12/21/2010,15,26,14,55
12/22/2010,20,35,19,74
12/23/2010,26,37,10,73
12/24/2010,25,19,22,66
12/25/2010,23,27,16,66
12/26/2010,17,28,18,63
12/27/2010,19,37,6,62
12/28/2010,26,30,8,64
12/29/2010,20,22,12,54
12/30/2010,23,28,20,71
12/31/2010,14,15,16,45
1/1/2011,14,33,27,74
1/2/2011,20,29,12,61
1/3/2011,19,26,22,67
1/4/2011,23,11,18,52
1/5/2011,9,19,16,44
1/6/2011,25,22,23,70
1/7/2011,11,25,19,55
1/8/2011,11,27,22,60
1/9/2011,22,14,24,60
1/10/2011,25,31,23,79
1/11/2011,29,17,27,73
1/12/2011,24,26,18,68
1/13/2011,20,27,22,69
1/14/2011,19,22,17,58
1/15/2011,20,36,18,74
1/16/2011,21,28,17,66
1/17/2011,24,19,11,54
1/18/2011,22,29,23,74
1/19/2011,12,9,25,46
1/20/2011,20,31,21,72
1/21/2011,26,23,22,71
1/22/2011,19,24,22,65
1/23/2011,19,39,11,69
1/24/2011,19,25,15,59
1/25/2011,26,34,20,80
1/26/2011,18,26,8,52
1/27/2011,24,26,23,73
1/28/2011,12,32,14,58
1/29/2011,33,37,13,83
1/30/2011,12,22,16,50
1/31/2011,25,21,22,68
2/1/2011,17,35,10,62
2/2/2011,27,24,20,71
2/3/2011,18,23,15,56
2/4/2011,11,24,12,47
2/5/2011,22,23,9,54
2/6/2011,21,35,17,73
2/7/2011,20,34,20,74
2/8/2011,27,22,14,63
2/9/2011,18,20,16,54
2/10/2011,17,36,21,74
2/11/2011,26,14,16,56
2/12/2011,26,29,10,65
2/13/2011,22,30,9,61
2/14/2011,19,29,17,65
2/15/2011,19,27,26,72
2/16/2011,22,37,20,79
2/17/2011,28,29,19,76
2/18/2011,16,28,11,55
2/19/2011,11,10,22,43
2/20/2011,19,20,18,57
2/21/2011,21,26,19,66
2/22/2011,22,20,26,68
2/23/2011,21,36,12,69
2/24/2011,10,34,19,63
2/25/2011,20,31,10,61
2/26/2011,24,42,11,77
2/27/2011,15,44,21,80
2/28/2011,23,36,21,80
3/1/2011,26,28,20,74
3/2/2011,19,17,20,56
3/3/2011,7,28,11,46
3/4/2011,18,29,9,56
3/5/2011,20,36,20,76
3/6/2011,13,12,23,48
3/7/2011,22,22,20,64
3/8/2011,19,25,11,55
3/9/2011,13,24,17,54
3/10/2011,20,17,19,56
3/11/2011,19,24,21,64
3/12/2011,19,30,17,66
3/13/2011,21,30,14,65
3/14/2011,19,35,15,69
3/15/2011,8,31,19,58
3/16/2011,23,24,20,67
3/17/2011,15,31,9,55
3/18/2011,14,34,18,66
3/19/2011,16,23,15,54
3/20/2011,24,41,14,79
3/21/2011,24,28,11,63
3/22/2011,22,17,9,48
3/23/2011,15,21,12,48
3/24/2011,20,30,20,70
3/25/2011,25,39,12,76
3/26/2011,22,26,10,58
3/27/2011,11,16,14,41
3/28/2011,18,32,16,66
3/29/2011,21,28,12,61
3/30/2011,19,33,15,67
3/31/2011,21,21,21,63
4/1/2011,16,26,19,61
4/2/2011,23,24,17,64
4/3/2011,23,19,14,56
4/4/2011,13,24,12,49
4/5/2011,26,29,13,68
4/6/2011,13,25,23,61
4/7/2011,21,18,15,54
4/8/2011,18,40,15,73
4/9/2011,14,22,22,58
4/10/2011,23,26,21,70
4/11/2011,15,24,21,60
4/12/2011,27,27,24,78
4/13/2011,15,31,15,61
4/14/2011,12,25,22,59
4/15/2011,12,32,5,49
4/16/2011,13,30,17,60
4/17/2011,22,33,7,62
4/18/2011,24,19,15,58
4/19/2011,18,25,21,64
4/20/2011,12,23,11,46
4/21/2011,27,21,25,73
4/22/2011,11,18,23,52
4/23/2011,18,25,11,54
4/24/2011,13,24,24,61
4/25/2011,23,9,20,52
4/26/2011,20,35,10,65
4/27/2011,29,21,18,68
4/28/2011,23,26,20,69
4/29/2011,20,30,16,66
4/30/2011,10,17,14,41
5/1/2011,15,34,18,67
5/2/2011,14,34,17,65
5/3/2011,17,39,18,74
5/4/2011,28,23,19,70
5/5/2011,21,31,14,66
5/6/2011,27,33,12,72
5/7/2011,22,16,15,53
5/8/2011,24,16,21,61
5/9/2011,19,23,15,57
5/10/2011,13,22,12,47
5/11/2011,7,19,11,37
5/12/2011,21,30,14,65
5/13/2011,26,17,24,67
5/14/2011,19,23,13,55
5/15/2011,22,30,17,69
5/16/2011,15,19,22,56
5/17/2011,15,32,21,68
5/18/2011,17,21,19,57
5/19/2011,20,33,17,70
5/20/2011,24,20,28,72
5/21/2011,15,42,11,68
5/22/2011,29,20,18,67
5/23/2011,19,18,22,59
5/24/2011,23,37,17,77
5/25/2011,19,23,17,59
5/26/2011,19,24,20,63
5/27/2011,26,38,18,82
5/28/2011,24,35,12,71
5/29/2011,20,21,15,56
5/30/2011,22,21,13,56
5/31/2011,21,12,21,54
6/1/2011,25,33,13,71
6/2/2011,8,35,17,60
6/3/2011,18,31,12,61
6/4/2011,23,33,22,78
6/5/2011,16,30,19,65
6/6/2011,17,19,14,50
6/7/2011,22,26,9,57
6/8/2011,17,24,22,63
6/9/2011,13,17,22,52
6/10/2011,16,19,21,56
6/11/2011,9,30,15,54
6/12/2011,22,28,11,61
6/13/2011,11,22,11,44
6/14/2011,20,28,20,68
6/15/2011,16,18,15,49
6/16/2011,10,25,22,57
6/17/2011,10,31,10,51
6/18/2011,13,36,28,77
6/19/2011,16,24,17,57
6/20/2011,14,25,18,57
6/21/2011,13,20,13,46
6/22/2011,15,28,17,60
6/23/2011,20,20,19,59
6/24/2011,26,30,22,78
6/25/2011,10,28,18,56
6/26/2011,13,17,13,43
6/27/2011,29,30,18,77
6/28/2011,12,26,12,50
6/29/2011,15,28,15,58
6/30/2011,20,37,20,77
7/1/2011,11,27,19,57
7/2/2011,23,24,18,65
7/3/2011,21,36,18,75
7/4/2011,21,11,11,43
7/5/2011,8,27,14,49
7/6/2011,19,30,16,65
7/7/2011,12,26,21,59
7/8/2011,11,25,16,52
7/9/2011,17,29,22,68
7/10/2011,9,28,10,47
7/11/2011,23,20,15,58
7/12/2011,21,31,23,75
7/13/2011,28,34,16,78
7/14/2011,18,34,16,68
7/15/2011,21,43,16,80
7/16/2011,27,19,12,58
7/17/2011,21,32,13,66
7/18/2011,14,38,23,75
7/19/2011,26,39,14,79
7/20/2011,18,17,11,46
7/21/2011,14,36,13,63
7/22/2011,16,25,9,50
7/23/2011,22,21,20,63
7/24/2011,14,27,5,46
7/25/2011,19,19,14,52
7/26/2011,23,36,12,71
7/27/2011,18,39,21,78
7/28/2011,30,40,12,82
7/29/2011,25,21,24,70
7/30/2011,19,23,23,65
7/31/2011,20,33,24,77
8/1/2011,14,19,9,42
8/2/2011,25,19,22,66
8/3/2011,21,36,15,72
8/4/2011,19,36,18,73
8/5/2011,14,22,14,50
8/6/2011,18,18,16,52
8/7/2011,23,25,18,66
8/8/2011,14,27,14,55
8/9/2011,15,30,26,71
8/10/2011,16,44,13,73
8/11/2011,17,40,22,79
8/12/2011,25,29,11,65
8/13/2011,21,18,16,55
8/14/2011,29,34,12,75
8/15/2011,21,21,23,65
8/16/2011,11,32,8,51
8/17/2011,20,30,17,67
8/18/2011,20,31,20,71
8/19/2011,25,33,17,75
8/20/2011,17,27,26,70
8/21/2011,21,12,16,49
8/22/2011,26,37,14,77
8/23/2011,10,15,19,44
8/24/2011,25,40,25,90
8/25/2011,24,24,13,61
8/26/2011,18,30,13,61
8/27/2011,11,45,11,67
8/28/2011,20,19,17,56
8/29/2011,21,20,13,54
8/30/2011,15,14,19,48
8/31/2011,14,23,18,55
9/1/2011,21,30,18,69
9/2/2011,18,20,23,61
9/3/2011,17,11,19,47
9/4/2011,15,39,19,73
9/5/2011,22,30,19,71
9/6/2011,15,25,8,48
9/7/2011,20,26,19,65
9/8/2011,20,29,23,72
9/9/2011,21,24,12,57
9/10/2011,26,30,25,81
9/11/2011,15,23,22,60
9/12/2011,10,31,11,52
9/13/2011,22,31,14,67
9/14/2011,25,34,13,72
9/15/2011,24,20,17,61
9/16/2011,20,20,17,57
9/17/2011,20,37,16,73
9/18/2011,25,31,15,71
9/19/2011,27,23,21,71
9/20/2011,23,21,21,65
9/21/2011,23,18,15,56
9/22/2011,21,10,16,47
9/23/2011,23,42,15,80
9/24/2011,11,36,13,60
9/25/2011,16,40,19,75
9/26/2011,11,27,15,53
9/27/2011,19,24,18,61
9/28/2011,15,28,24,67
9/29/2011,26,36,13,75
9/30/2011,22,22,20,64
10/1/2011,15,17,15,47
10/2/2011,23,28,17,68
10/3/2011,20,23,10,53
10/4/2011,19,38,10,67
10/5/2011,14,25,14,53
10/6/2011,19,25,23,67
10/7/2011,14,18,14,46
10/8/2011,14,20,16,50
10/9/2011,15,24,12,51
10/10/2011,12,27,14,53
10/11/2011,18,40,13,71
10/12/2011,20,16,17,53
10/13/2011,26,22,16,64
10/14/2011,14,30,19,63
10/15/2011,21,33,15,69
10/16/2011,26,25,10,61
10/17/2011,23,31,13,67
10/18/2011,22,30,22,74
10/19/2011,29,28,20,77
10/20/2011,21,22,21,64
10/21/2011,20,29,20,69
10/22/2011,25,21,14,60
10/23/2011,20,21,11,52
10/24/2011,22,28,12,62
10/25/2011,25,26,9,60
10/26/2011,25,26,8,59
10/27/2011,25,26,13,64
10/28/2011,19,22,17,58
10/29/2011,16,31,18,65
10/30/2011,18,18,13,49
10/31/2011,23,21,22,66
11/1/2011,17,27,12,56
11/2/2011,21,21,8,50
11/3/2011,23,23,20,66
11/4/2011,16,17,26,59
11/5/2011,15,32,10,57
11/6/2011,19,17,10,46
11/7/2011,25,23,6,54
11/8/2011,17,28,5,50
11/9/2011,16,23,14,53
11/10/2011,14,36,8,58
11/11/2011,25,25,23,73
11/12/2011,20,32,14,66
11/13/2011,17,27,23,67
11/14/2011,20,29,20,69
11/15/2011,23,13,24,60
11/16/2011,24,27,20,71
11/17/2011,22,29,15,66
11/18/2011,14,41,18,73
11/19/2011,10,35,10,55
11/20/2011,27,25,11,63
11/21/2011,15,36,12,63
11/22/2011,6,32,14,52
11/23/2011,22,19,25,66
11/24/2011,19,27,14,60
11/25/2011,28,26,20,74
11/26/2011,26,36,10,72
11/27/2011,15,28,14,57
11/28/2011,12,18,17,47
11/29/2011,20,24,13,57
11/30/2011,22,28,25,75
12/1/2011,18,13,18,49
12/2/2011,21,40,11,72
12/3/2011,22,29,17,68
12/4/2011,16,14,15,45
12/5/2011,9,35,18,62
12/6/2011,23,25,13,61
12/7/2011,31,36,14,81
12/8/2011,17,31,10,58
12/9/2011,23,29,23,75
12/10/2011,12,29,25,66
12/11/2011,26,24,10,60
12/12/2011,25,33,24,82
12/13/2011,27,29,23,79
12/14/2011,19,20,18,57
12/15/2011,12,16,22,50
12/16/2011,24,43,12,79
12/17/2011,32,25,10,67
12/18/2011,21,23,9,53
12/19/2011,14,23,17,54
12/20/2011,18,32,13,63
12/21/2011,11,26,12,49
12/22/2011,20,39,12,71
12/23/2011,26,34,25,85
12/24/2011,24,24,17,65
12/25/2011,25,10,23,58
12/26/2011,26,18,28,72
12/27/2011,23,22,15,60
12/28/2011,11,28,10,49
12/29/2011,13,20,19,52
12/30/2011,16,14,22,52
12/31/2011,19,27,19,65
1/1/2012,22,19,14,55
1/2/2012,18,14,22,54
1/3/2012,24,29,17,70
1/4/2012,24,27,15,66
1/5/2012,17,23,17,57
1/6/2012,31,18,16,65
1/7/2012,28,44,23,95
1/8/2012,24,27,20,71
1/9/2012,22,22,12,56
1/10/2012,13,45,15,73
1/11/2012,17,21,11,49
1/12/2012,22,22,18,62
1/13/2012,21,33,11,65
1/14/2012,17,38,28,83
1/15/2012,15,13,13,41
1/16/2012,19,17,19,55
1/17/2012,25,39,20,84
1/18/2012,23,13,21,57
1/19/2012,28,25,16,69
1/20/2012,16,35,9,60
1/21/2012,11,22,16,49
1/22/2012,23,26,14,63
1/23/2012,27,26,13,66
1/24/2012,11,24,15,50
1/25/2012,15,23,21,59
1/26/2012,21,32,16,69
1/27/2012,28,32,13,73
1/28/2012,18,41,14,73
1/29/2012,23,33,19,75
1/30/2012,23,22,18,63
1/31/2012,19,35,10,64
2/1/2012,12,18,6,36
2/2/2012,21,25,20,66
2/3/2012,26,37,12,75
2/4/2012,30,19,19,68
2/5/2012,14,39,10,63
2/6/2012,21,40,19,80
2/7/2012,20,34,13,67
2/8/2012,15,11,18,44
2/9/2012,16,48,19,83
2/10/2012,20,26,16,62
2/11/2012,11,13,13,37
2/12/2012,26,34,13,73
2/13/2012,19,19,18,56
2/14/2012,17,23,12,52
2/15/2012,24,44,21,89
2/16/2012,15,24,20,59
2/17/2012,15,45,13,73
2/18/2012,18,29,17,64
2/19/2012,22,26,19,67
2/20/2012,21,14,23,58
2/21/2012,21,28,23,72
2/22/2012,24,26,10,60
2/23/2012,13,40,16,69
2/24/2012,10,33,17,60
2/25/2012,14,37,23,74
2/26/2012,20,24,11,55
2/27/2012,21,29,18,68
2/28/2012,20,36,9,65
2/29/2012,24,41,23,88
3/1/2012,18,27,16,61
3/2/2012,22,29,15,66
3/3/2012,25,31,14,70
3/4/2012,11,19,24,54
3/5/2012,14,31,22,67
3/6/2012,23,32,17,72
3/7/2012,23,29,13,65
3/8/2012,25,32,19,76
3/9/2012,22,30,19,71
3/10/2012,18,38,12,68
3/11/2012,26,30,15,71
3/12/2012,23,19,15,57
3/13/2012,16,40,20,76
3/14/2012,13,29,27,69
3/15/2012,14,34,7,55
3/16/2012,30,17,14,61
3/17/2012,25,26,15,66
3/18/2012,25,19,19,63
3/19/2012,15,34,26,75
3/20/2012,29,28,16,73
3/21/2012,16,26,16,58
3/22/2012,18,34,12,64
3/23/2012,25,34,22,81
3/24/2012,17,27,21,65
3/25/2012,23,11,7,41
3/26/2012,20,27,14,61
3/27/2012,18,28,10,56
3/28/2012,18,43,16,77
3/29/2012,21,24,22,67
3/30/2012,29,24,22,75
3/31/2012,17,16,23,56
4/1/2012,16,27,16,59
4/2/2012,26,25,16,67
4/3/2012,21,21,19,61
4/4/2012,30,27,8,65
4/5/2012,19,29,9,57
4/6/2012,10,15,21,46
4/7/2012,24,27,22,73
4/8/2012,19,16,13,48
4/9/2012,14,18,16,48
4/10/2012,23,15,15,53
4/11/2012,17,18,12,47
4/12/2012,17,28,15,60
4/13/2012,19,18,29,66
4/14/2012,15,32,11,58
4/15/2012,15,17,17,49
4/16/2012,22,35,21,78
4/17/2012,19,26,8,53
4/18/2012,18,38,20,76
4/19/2012,16,17,23,56
4/20/2012,16,25,19,60
4/21/2012,23,18,20,61
4/22/2012,16,11,18,45
4/23/2012,15,36,18,69
4/24/2012,22,28,13,63
4/25/2012,27,30,15,72
4/26/2012,16,37,21,74
4/27/2012,24,34,9,67
4/28/2012,13,21,13,47
4/29/2012,28,22,13,63
4/30/2012,27,24,13,64
5/1/2012,16,20,14,50
5/2/2012,16,28,18,62
5/3/2012,22,34,15,71
5/4/2012,22,27,18,67
5/5/2012,15,27,24,66
5/6/2012,22,39,17,78
5/7/2012,26,24,5,55
5/8/2012,19,24,11,54
5/9/2012,17,45,10,72
5/10/2012,20,27,15,62
5/11/2012,25,23,12,60
5/12/2012,29,36,17,82
5/13/2012,11,29,6,46
5/14/2012,20,30,17,67
5/15/2012,16,32,22,70
5/16/2012,18,34,13,65
5/17/2012,19,25,22,66
5/18/2012,13,24,8,45
5/19/2012,21,26,7,54
5/20/2012,20,29,15,64
5/21/2012,22,27,12,61
5/22/2012,16,30,19,65
5/23/2012,12,25,18,55
5/24/2012,22,33,17,72
5/25/2012,13,22,13,48
5/26/2012,22,33,24,79
5/27/2012,13,32,12,57
5/28/2012,22,28,10,60
5/29/2012,28,19,15,62
5/30/2012,26,31,19,76
5/31/2012,21,11,10,42
6/1/2012,15,25,13,53
6/2/2012,25,30,14,69
6/3/2012,16,25,14,55
6/4/2012,13,42,10,65
6/5/2012,14,30,19,63
6/6/2012,15,19,21,55
6/7/2012,21,29,24,74
6/8/2012,16,25,17,58
6/9/2012,14,24,17,55
6/10/2012,12,20,15,47
6/11/2012,23,36,18,77
6/12/2012,19,26,17,62
6/13/2012,22,25,18,65
6/14/2012,21,19,21,61
6/15/2012,24,24,13,61
6/16/2012,22,34,15,71
6/17/2012,20,24,19,63
6/18/2012,25,33,26,84
6/19/2012,11,15,12,38
6/20/2012,13,19,18,50
6/21/2012,14,30,13,57
6/22/2012,18,9,21,48
6/23/2012,12,31,8,51
6/24/2012,14,26,12,52
6/25/2012,30,29,18,77
6/26/2012,15,23,17,55
6/27/2012,19,43,24,86
6/28/2012,19,23,18,60
6/29/2012,18,26,20,64
6/30/2012,26,24,22,72
7/1/2012,19,29,12,60
7/2/2012,15,20,16,51
7/3/2012,14,31,26,71
7/4/2012,21,30,13,64
7/5/2012,17,28,16,61
7/6/2012,17,23,16,56
7/7/2012,22,15,15,52
7/8/2012,23,34,12,69
7/9/2012,9,22,9,40
7/10/2012,13,22,13,48
7/11/2012,14,25,12,51
7/12/2012,13,20,14,47
7/13/2012,14,25,20,59
7/14/2012,15,25,17,57
7/15/2012,25,32,10,67
7/16/2012,18,26,12,56
7/17/2012,20,19,15,54
7/18/2012,20,38,13,71
7/19/2012,15,39,19,73
7/20/2012,19,27,25,71
7/21/2012,19,24,16,59
7/22/2012,14,34,20,68
7/23/2012,19,28,21,68
7/24/2012,25,26,20,71
7/25/2012,21,23,15,59
7/26/2012,26,12,18,56
7/27/2012,17,25,15,57
7/28/2012,22,25,15,62
7/29/2012,24,26,23,73
7/30/2012,24,25,24,73
7/31/2012,20,26,17,63
8/1/2012,18,35,15,68
8/2/2012,15,22,16,53
8/3/2012,18,28,13,59
8/4/2012,27,25,17,69
8/5/2012,30,23,9,62
8/6/2012,19,34,18,71
8/7/2012,14,21,19,54
8/8/2012,17,37,21,75
8/9/2012,25,30,17,72
8/10/2012,18,31,24,73
8/11/2012,18,26,14,58
8/12/2012,17,27,25,69
8/13/2012,23,38,12,73
8/14/2012,24,18,15,57
8/15/2012,20,23,22,65
8/16/2012,21,23,13,57
8/17/2012,23,33,15,71
8/18/2012,20,19,14,53
8/19/2012,16,28,23,67
8/20/2012,10,16,10,36
8/21/2012,25,40,8,73
8/22/2012,24,27,10,61
8/23/2012,27,15,14,56
8/24/2012,27,41,21,89
8/25/2012,16,27,18,61
8/26/2012,22,39,10,71
8/27/2012,22,28,22,72
8/28/2012,21,27,22,70
8/29/2012,16,12,23,51
8/30/2012,11,31,17,59
8/31/2012,24,15,7,46
9/1/2012,21,28,15,64
9/2/2012,13,36,9,58
9/3/2012,22,28,14,64
9/4/2012,16,27,12,55
9/5/2012,11,28,21,60
9/6/2012,15,32,22,69
9/7/2012,20,28,21,69
9/8/2012,17,31,10,58
9/9/2012,25,22,9,56
9/10/2012,17,20,14,51
9/11/2012,15,19,20,54
9/12/2012,21,27,13,61
9/13/2012,24,32,20,76
9/14/2012,21,42,15,78
9/15/2012,18,28,15,61
9/16/2012,20,28,16,64
9/17/2012,10,32,7,49
9/18/2012,10,33,20,63
9/19/2012,11,21,8,40
9/20/2012,25,22,18,65
9/21/2012,19,23,9,51
9/22/2012,21,26,13,60
9/23/2012,18,28,12,58
9/24/2012,24,31,27,82
9/25/2012,30,30,8,68
9/26/2012,17,22,10,49
9/27/2012,23,33,25,81
9/28/2012,15,28,12,55
9/29/2012,24,28,19,71
9/30/2012,25,28,14,67
10/1/2012,23,30,15,68
10/2/2012,24,19,16,59
10/3/2012,14,23,15,52
10/4/2012,22,37,25,84
10/5/2012,23,22,18,63
10/6/2012,22,21,10,53
10/7/2012,29,18,21,68
10/8/2012,22,28,17,67
10/9/2012,19,19,17,55
10/10/2012,20,40,17,77
10/11/2012,26,36,10,72
10/12/2012,9,34,22,65
10/13/2012,8,25,20,53
10/14/2012,11,12,18,41
10/15/2012,14,36,16,66
10/16/2012,18,20,20,58
10/17/2012,14,34,14,62
10/18/2012,22,19,19,60
10/19/2012,29,29,16,74
10/20/2012,23,34,19,76
10/21/2012,17,21,12,50
10/22/2012,20,25,24,69
10/23/2012,21,19,19,59
10/24/2012,25,35,21,81
10/25/2012,27,35,23,85
10/26/2012,23,23,10,56
10/27/2012,19,30,14,63
10/28/2012,31,34,12,77
10/29/2012,20,30,15,65
10/30/2012,18,34,4,56
10/31/2012,14,24,15,53
11/1/2012,21,30,21,72
11/2/2012,23,33,15,71
11/3/2012,21,33,19,73
11/4/2012,15,26,21,62
11/5/2012,27,21,18,66
11/6/2012,23,27,14,64
11/7/2012,21,36,11,68
11/8/2012,18,13,9,40
11/9/2012,19,29,17,65
11/10/2012,21,24,10,55
11/11/2012,31,25,11,67
11/12/2012,17,16,21,54
11/13/2012,21,31,7,59
11/14/2012,30,12,8,50
11/15/2012,15,40,23,78
11/16/2012,18,42,16,76
11/17/2012,13,29,16,58
11/18/2012,16,25,19,60
11/19/2012,20,24,16,60
11/20/2012,16,23,21,60
11/21/2012,22,35,9,66
11/22/2012,28,26,15,69
11/23/2012,17,25,22,64
11/24/2012,24,32,8,64
11/25/2012,14,17,21,52
11/26/2012,17,21,22,60
11/27/2012,18,36,22,76
11/28/2012,12,30,25,67
11/29/2012,18,38,7,63
11/30/2012,12,30,20,62
12/1/2012,17,27,17,61
12/2/2012,26,20,17,63
12/3/2012,17,14,15,46
12/4/2012,16,43,16,75
12/5/2012,24,23,17,64
12/6/2012,14,27,16,57
12/7/2012,19,20,12,51
12/8/2012,14,23,21,58
12/9/2012,28,30,18,76
12/10/2012,10,9,13,32
12/11/2012,21,27,15,63
12/12/2012,17,26,19,62
12/13/2012,16,28,16,60
12/14/2012,18,28,17,63
12/15/2012,18,34,23,75
12/16/2012,23,40,18,81
12/17/2012,23,24,12,59
12/18/2012,25,24,17,66
12/19/2012,23,27,21,71
12/20/2012,24,40,16,80
12/21/2012,19,37,22,78
12/22/2012,13,18,25,56
12/23/2012,28,31,19,78
12/24/2012,25,26,19,70
12/25/2012,22,23,17,62
12/26/2012,18,33,19,70
12/27/2012,30,39,22,91
12/28/2012,9,18,23,50
12/29/2012,14,27,22,63
12/30/2012,23,30,15,68
12/31/2012,20,20,14,54
1/1/2013,13,38,16,67
1/2/2013,22,30,15,67
1/3/2013,14,37,19,70
1/4/2013,25,34,15,74
1/5/2013,28,13,23,64
1/6/2013,17,23,21,61
1/7/2013,19,32,15,66
1/8/2013,13,29,19,61
1/9/2013,15,29,18,62
1/10/2013,20,42,11,73
1/11/2013,26,32,14,72
1/12/2013,22,27,16,65
1/13/2013,25,29,20,74
1/14/2013,21,26,16,63
1/15/2013,14,42,11,67
1/16/2013,18,39,9,66
1/17/2013,15,34,19,68
1/18/2013,24,25,17,66
1/19/2013,11,41,17,69
1/20/2013,22,35,7,64
1/21/2013,20,12,9,41
1/22/2013,17,25,21,63
1/23/2013,25,14,16,55
1/24/2013,18,18,20,56
1/25/2013,21,29,19,69
1/26/2013,19,31,21,71
1/27/2013,20,24,17,61
1/28/2013,13,23,14,50
1/29/2013,25,24,17,66
1/30/2013,24,25,8,57
1/31/2013,30,31,17,78
2/1/2013,26,35,14,75
2/2/2013,13,23,18,54
2/3/2013,23,34,16,73
2/4/2013,20,34,19,73
2/5/2013,21,15,5,41
2/6/2013,20,30,12,62
2/7/2013,20,21,18,59
2/8/2013,19,27,16,62
2/9/2013,16,36,18,70
2/10/2013,14,26,21,61
2/11/2013,25,40,13,78
2/12/2013,20,23,20,63
2/13/2013,25,21,13,59
2/14/2013,19,23,19,61
2/15/2013,10,26,14,50
2/16/2013,19,28,19,66
2/17/2013,21,32,11,64
2/18/2013,15,27,13,55
2/19/2013,20,28,14,62
2/20/2013,14,38,25,77
2/21/2013,13,26,17,56
2/22/2013,23,36,18,77
2/23/2013,22,34,16,72
2/24/2013,14,16,15,45
2/25/2013,26,17,20,63
2/26/2013,24,25,8,57
2/27/2013,15,15,12,42
2/28/2013,10,36,25,71
3/1/2013,17,28,15,60
3/2/2013,16,24,16,56
3/3/2013,26,22,27,75
3/4/2013,17,25,13,55
3/5/2013,17,31,6,54
3/6/2013,13,36,9,58
3/7/2013,18,24,25,67
3/8/2013,17,37,8,62
3/9/2013,21,27,25,73
3/10/2013,16,32,19,67
3/11/2013,20,31,10,61
3/12/2013,17,17,18,52
3/13/2013,21,35,21,77
3/14/2013,22,43,18,83
3/15/2013,23,30,11,64
3/16/2013,16,17,17,50
3/17/2013,15,16,19,50
3/18/2013,20,39,14,73
3/19/2013,18,32,9,59
3/20/2013,22,25,19,66
3/21/2013,29,36,13,78
3/22/2013,18,18,22,58
3/23/2013,17,22,23,62
3/24/2013,23,20,13,56
3/25/2013,20,30,18,68
3/26/2013,26,37,22,85
3/27/2013,13,18,23,54
3/28/2013,30,25,16,71
3/29/2013,15,30,7,52
3/30/2013,21,23,24,68
3/31/2013,22,42,13,77
4/1/2013,15,22,11,48
4/2/2013,16,16,21,53
4/3/2013,21,28,10,59
4/4/2013,24,14,23,61
4/5/2013,13,21,23,57
4/6/2013,31,46,14,91
4/7/2013,29,38,20,87
4/8/2013,16,14,23,53
4/9/2013,18,26,7,51
4/10/2013,23,18,12,53
4/11/2013,27,28,19,74
4/12/2013,11,30,16,57
4/13/2013,20,35,15,70
4/14/2013,18,31,9,58
4/15/2013,22,22,18,62
4/16/2013,9,18,14,41
4/17/2013,31,42,17,90
4/18/2013,25,12,13,50
4/19/2013,17,17,18,52
4/20/2013,24,30,17,71
4/21/2013,25,16,6,47
4/22/2013,21,15,16,52
4/23/2013,26,27,24,77
4/24/2013,26,19,14,59
4/25/2013,14,23,14,51
4/26/2013,17,31,8,56
4/27/2013,22,33,18,73
4/28/2013,27,29,12,68
4/29/2013,15,34,17,66
4/30/2013,20,36,20,76
5/1/2013,24,34,15,73
5/2/2013,26,19,17,62
5/3/2013,25,23,14,62
5/4/2013,16,17,15,48
5/5/2013,24,34,13,71
5/6/2013,18,27,6,51
5/7/2013,28,37,21,86
5/8/2013,19,20,10,49
5/9/2013,22,36,19,77
5/10/2013,23,23,14,60
5/11/2013,22,18,16,56
5/12/2013,19,34,12,65
5/13/2013,16,26,16,58
5/14/2013,24,34,10,68
5/15/2013,25,17,13,55
5/16/2013,25,38,16,79
5/17/2013,20,34,25,79
5/18/2013,19,31,18,68
5/19/2013,25,29,25,79
5/20/2013,24,26,13,63
5/21/2013,26,24,16,66
5/22/2013,30,31,28,89
5/23/2013,18,23,21,62
5/24/2013,15,20,5,40
5/25/2013,17,25,16,58
5/26/2013,21,27,22,70
5/27/2013,15,28,28,71
5/28/2013,20,17,14,51
5/29/2013,18,20,19,57
5/30/2013,21,19,17,57
5/31/2013,20,27,14,61
6/1/2013,27,25,21,73
6/2/2013,17,34,24,75
6/3/2013,21,20,7,48
6/4/2013,10,29,11,50
6/5/2013,25,31,10,66
6/6/2013,18,23,17,58
6/7/2013,19,21,16,56
6/8/2013,26,20,6,52
6/9/2013,19,37,19,75
6/10/2013,8,29,12,49
6/11/2013,17,26,21,64
6/12/2013,22,18,22,62
6/13/2013,25,21,17,63
6/14/2013,19,28,22,69
6/15/2013,27,15,19,61
6/16/2013,15,43,15,73
6/17/2013,20,33,22,75
6/18/2013,9,36,11,56
6/19/2013,24,30,23,77
6/20/2013,28,21,15,64
6/21/2013,31,36,21,88
6/22/2013,20,20,22,62
6/23/2013,20,39,16,75
6/24/2013,27,24,17,68
6/25/2013,13,16,20,49
6/26/2013,20,36,4,60
6/27/2013,12,10,13,35
6/28/2013,15,20,8,43
6/29/2013,32,28,9,69
6/30/2013,19,30,12,61
7/1/2013,21,36,9,66
7/2/2013,17,11,9,37
7/3/2013,18,16,10,44
7/4/2013,24,17,15,56
7/5/2013,21,31,16,68
7/6/2013,27,35,11,73
7/7/2013,18,33,12,63
7/8/2013,17,27,6,50
7/9/2013,17,27,7,51
7/10/2013,19,30,10,59
7/11/2013,25,31,22,78
7/12/2013,16,30,16,62
7/13/2013,17,33,13,63
7/14/2013,21,32,16,69
7/15/2013,18,37,27,82
7/16/2013,13,20,24,57
7/17/2013,17,23,11,51
7/18/2013,20,20,17,57
7/19/2013,19,25,22,66
7/20/2013,11,15,18,44
7/21/2013,16,29,17,62
7/22/2013,23,33,19,75
7/23/2013,21,27,18,66
7/24/2013,16,36,24,76
7/25/2013,23,28,14,65
7/26/2013,27,18,18,63
7/27/2013,19,33,11,63
7/28/2013,26,34,18,78
7/29/2013,30,20,9,59
7/30/2013,16,35,16,67
7/31/2013,26,25,12,63
8/1/2013,15,28,24,67
8/2/2013,24,18,14,56
8/3/2013,12,24,14,50
8/4/2013,21,27,14,62
8/5/2013,15,34,16,65
8/6/2013,26,16,14,56
8/7/2013,25,15,15,55
8/8/2013,17,40,8,65
8/9/2013,27,29,23,79
8/10/2013,16,25,9,50
8/11/2013,11,34,10,55
8/12/2013,10,30,24,64
8/13/2013,26,23,17,66
8/14/2013,26,38,20,84
8/15/2013,17,24,16,57
8/16/2013,14,24,13,51
8/17/2013,21,20,16,57
8/18/2013,14,17,23,54
8/19/2013,25,32,7,64
8/20/2013,21,27,18,66
8/21/2013,21,30,22,73
8/22/2013,28,31,8,67
8/23/2013,24,27,23,74
8/24/2013,12,24,12,48
8/25/2013,15,25,16,56
8/26/2013,16,26,18,60
8/27/2013,22,37,16,75
8/28/2013,20,23,18,61
8/29/2013,25,32,12,69
8/30/2013,11,35,14,60
8/31/2013,19,34,18,71
9/1/2013,20,20,11,51
9/2/2013,17,37,13,67
9/3/2013,18,18,14,50
9/4/2013,8,39,24,71
9/5/2013,28,25,11,64
9/6/2013,18,28,22,68
9/7/2013,26,28,11,65
9/8/2013,23,33,19,75
9/9/2013,21,22,22,65
9/10/2013,10,6,25,41
9/11/2013,18,31,11,60
9/12/2013,14,30,28,72
9/13/2013,16,26,16,58
9/14/2013,22,35,18,75
9/15/2013,26,48,9,83
9/16/2013,22,13,16,51
9/17/2013,20,17,22,59
9/18/2013,25,21,13,59
9/19/2013,11,34,19,64
9/20/2013,21,35,26,82
9/21/2013,19,27,15,61
9/22/2013,22,26,22,70
9/23/2013,16,26,22,64
9/24/2013,27,21,12,60
9/25/2013,19,29,8,56
9/26/2013,22,33,17,72
9/27/2013,24,31,10,65
9/28/2013,15,19,19,53
9/29/2013,22,23,14,59
9/30/2013,25,25,16,66
10/1/2013,19,37,21,77
10/2/2013,15,22,5,42
10/3/2013,18,25,12,55
10/4/2013,18,33,18,69
10/5/2013,16,29,20,65
10/6/2013,13,15,17,45
10/7/2013,19,44,17,80
10/8/2013,18,29,24,71
10/9/2013,14,12,16,42
10/10/2013,24,29,15,68
10/11/2013,16,27,11,54
10/12/2013,21,15,7,43
10/13/2013,21,23,17,61
10/14/2013,30,34,15,79
10/15/2013,25,30,18,73
10/16/2013,19,27,5,51
10/17/2013,26,22,15,63
10/18/2013,18,31,16,65
10/19/2013,22,19,15,56
10/20/2013,15,31,12,58
10/21/2013,24,27,13,64
10/22/2013,15,31,20,66
10/23/2013,19,37,25,81
10/24/2013,18,27,17,62
10/25/2013,13,27,9,49
10/26/2013,21,18,13,52
10/27/2013,11,15,15,41
10/28/2013,20,37,19,76
10/29/2013,11,27,14,52
10/30/2013,15,40,25,80
10/31/2013,20,29,16,65
11/1/2013,15,43,11,69
11/2/2013,11,28,9,48
11/3/2013,16,23,22,61
11/4/2013,10,26,16,52
11/5/2013,15,27,14,56
11/6/2013,18,19,16,53
11/7/2013,9,29,18,56
11/8/2013,18,19,7,44
11/9/2013,16,36,19,71
11/10/2013,23,24,15,62
11/11/2013,18,19,12,49
11/12/2013,15,23,22,60
11/13/2013,22,34,19,75
11/14/2013,17,26,4,47
11/15/2013,24,30,22,76
11/16/2013,22,25,23,70
11/17/2013,27,25,18,70
11/18/2013,17,35,22,74
11/19/2013,15,24,7,46
11/20/2013,22,15,24,61
11/21/2013,19,34,20,73
11/22/2013,31,36,17,84
11/23/2013,18,14,16,48
11/24/2013,14,28,15,57
11/25/2013,24,16,22,62
11/26/2013,27,20,10,57
11/27/2013,13,30,28,71
11/28/2013,28,36,4,68
11/29/2013,25,35,20,80
11/30/2013,22,24,24,70
12/1/2013,18,28,14,60
12/2/2013,20,18,20,58
12/3/2013,18,21,10,49
12/4/2013,24,38,11,73
12/5/2013,26,31,12,69
12/6/2013,14,26,19,59
12/7/2013,11,41,16,68
12/8/2013,19,22,10,51
12/9/2013,17,31,12,60
12/10/2013,16,30,7,53
12/11/2013,13,39,23,75
12/12/2013,17,27,19,63
12/13/2013,16,24,13,53
12/14/2013,17,28,18,63
12/15/2013,16,32,21,69
12/16/2013,27,29,10,66
12/17/2013,15,30,13,58
12/18/2013,24,16,14,54
12/19/2013,25,24,14,63
12/20/2013,27,27,13,67
12/21/2013,17,28,17,62
12/22/2013,23,18,23,64
12/23/2013,26,34,19,79
12/24/2013,13,34,14,61
12/25/2013,18,18,12,48
12/26/2013,15,32,16,63
12/27/2013,16,19,19,54
12/28/2013,22,31,15,68
12/29/2013,18,33,11,62
12/30/2013,12,25,9,46
12/31/2013,26,30,14,70
1/1/2014,10,23,18,51
1/2/2014,21,34,16,71
1/3/2014,20,32,28,80
1/4/2014,8,36,8,52
1/5/2014,18,37,17,72
1/6/2014,26,26,22,74
1/7/2014,15,22,11,48
1/8/2014,17,25,6,48
1/9/2014,21,20,11,52
1/10/2014,23,22,20,65
1/11/2014,19,27,11,57
1/12/2014,19,27,8,54
1/13/2014,20,30,17,67
1/14/2014,16,11,23,50
1/15/2014,13,27,12,52
1/16/2014,18,20,19,57
1/17/2014,25,12,20,57
1/18/2014,21,18,10,49
1/19/2014,28,35,17,80
1/20/2014,19,35,13,67
1/21/2014,17,24,23,64
1/22/2014,28,22,15,65
1/23/2014,15,32,9,56
1/24/2014,11,23,16,50
1/25/2014,14,22,11,47
1/26/2014,14,26,10,50
1/27/2014,15,13,4,32
1/28/2014,17,9,19,45
1/29/2014,22,19,8,49
1/30/2014,22,35,22,79
1/31/2014,22,32,20,74
2/1/2014,13,41,9,63
2/2/2014,22,24,15,61
2/3/2014,21,30,11,62
2/4/2014,22,28,26,76
2/5/2014,15,20,12,47
2/6/2014,24,33,20,77
2/7/2014,20,36,9,65
2/8/2014,18,19,21,58
2/9/2014,15,21,18,54
2/10/2014,17,21,8,46
2/11/2014,26,36,11,73
2/12/2014,19,30,17,66
2/13/2014,21,23,19,63
2/14/2014,29,16,12,57
2/15/2014,20,24,19,63
2/16/2014,14,33,13,60
2/17/2014,21,27,6,54
2/18/2014,21,33,19,73
2/19/2014,20,43,8,71
2/20/2014,17,18,20,55
2/21/2014,19,31,20,70
2/22/2014,8,36,19,63
2/23/2014,27,28,12,67
2/24/2014,21,9,21,51
2/25/2014,20,27,15,62
2/26/2014,22,18,12,52
2/27/2014,18,28,23,69
2/28/2014,22,32,19,73
3/1/2014,26,19,11,56
3/2/2014,21,29,16,66
3/3/2014,20,41,18,79
3/4/2014,19,23,11,53
3/5/2014,26,24,9,59
3/6/2014,26,33,20,79
3/7/2014,25,25,16,66
3/8/2014,24,33,18,75
3/9/2014,20,22,15,57
3/10/2014,20,26,10,56
3/11/2014,19,24,21,64
3/12/2014,19,20,14,53
3/13/2014,21,36,23,80
3/14/2014,21,36,19,76
3/15/2014,22,33,25,80
3/16/2014,19,39,12,70
3/17/2014,23,41,26,90
3/18/2014,29,18,13,60
3/19/2014,28,29,20,77
3/20/2014,18,19,18,55
3/21/2014,25,18,23,66
3/22/2014,20,36,15,71
3/23/2014,18,13,16,47
3/24/2014,20,17,25,62
3/25/2014,23,23,19,65
3/26/2014,22,21,17,60
3/27/2014,28,30,20,78
3/28/2014,13,32,22,67
3/29/2014,22,33,18,73
3/30/2014,17,18,10,45
3/31/2014,15,34,17,66
4/1/2014,28,39,5,72
4/2/2014,22,21,9,52
4/3/2014,16,22,21,59
4/4/2014,22,16,12,50
4/5/2014,11,26,13,50
4/6/2014,23,27,15,65
4/7/2014,16,31,11,58
4/8/2014,20,18,16,54
4/9/2014,29,20,8,57
4/10/2014,19,25,20,64
4/11/2014,26,19,13,58
4/12/2014,20,36,13,69
4/13/2014,20,35,18,73
4/14/2014,17,21,7,45
4/15/2014,16,22,12,50
4/16/2014,13,37,20,70
4/17/2014,11,25,8,44
4/18/2014,20,27,14,61
4/19/2014,28,26,21,75
4/20/2014,25,40,18,83
4/21/2014,13,20,7,40
4/22/2014,21,22,15,58
4/23/2014,16,36,5,57
4/24/2014,26,30,17,73
4/25/2014,25,29,17,71
4/26/2014,16,25,11,52
4/27/2014,22,28,16,66
4/28/2014,21,27,16,64
4/29/2014,28,15,19,62
4/30/2014,22,26,12,60
5/1/2014,21,21,20,62
5/2/2014,24,29,20,73
5/3/2014,22,34,18,74
5/4/2014,14,23,13,50
5/5/2014,21,20,11,52
5/6/2014,15,20,23,58
5/7/2014,19,24,15,58
5/8/2014,24,17,11,52
5/9/2014,11,34,11,56
5/10/2014,17,36,21,74
5/11/2014,22,19,9,50
5/12/2014,27,31,14,72
5/13/2014,28,10,19,57
5/14/2014,20,37,20,77
5/15/2014,25,30,17,72
5/16/2014,20,27,5,52
5/17/2014,25,35,7,67
5/18/2014,13,30,27,70
5/19/2014,12,30,17,59
5/20/2014,23,36,15,74
5/21/2014,24,34,12,70
5/22/2014,21,28,17,66
5/23/2014,24,31,17,72
5/24/2014,14,38,20,72
5/25/2014,27,25,11,63
5/26/2014,17,27,5,49
5/27/2014,20,44,13,77
5/28/2014,12,21,16,49
5/29/2014,12,21,22,55
5/30/2014,15,15,13,43
5/31/2014,19,16,24,59
6/1/2014,13,34,15,62
6/2/2014,14,34,24,72
6/3/2014,16,34,10,60
6/4/2014,12,28,8,48
6/5/2014,11,25,18,54
6/6/2014,31,11,13,55
6/7/2014,28,32,19,79
6/8/2014,29,37,21,87
6/9/2014,20,20,14,54
6/10/2014,21,32,20,73
6/11/2014,17,27,13,57
6/12/2014,6,25,13,44
6/13/2014,19,24,9,52
6/14/2014,22,37,20,79
6/15/2014,26,27,13,66
6/16/2014,22,33,15,70
6/17/2014,21,30,15,66
6/18/2014,22,29,12,63
6/19/2014,24,27,7,58
6/20/2014,25,12,23,60
6/21/2014,21,41,17,79
6/22/2014,20,28,22,70
6/23/2014,13,22,14,49
6/24/2014,8,17,10,35
6/25/2014,22,13,24,59
6/26/2014,14,22,9,45
6/27/2014,18,19,25,62
6/28/2014,25,24,16,65
6/29/2014,19,24,17,60
6/30/2014,18,28,22,68
7/1/2014,28,29,20,77
7/2/2014,16,29,8,53
7/3/2014,14,19,10,43
7/4/2014,26,30,14,70
7/5/2014,24,33,9,66
7/6/2014,14,26,23,63
7/7/2014,32,33,19,84
7/8/2014,28,35,13,76
7/9/2014,18,16,21,55
7/10/2014,17,21,20,58
7/11/2014,27,30,12,69
7/12/2014,19,30,17,66
7/13/2014,13,43,18,74
7/14/2014,17,14,22,53
7/15/2014,8,18,14,40
7/16/2014,21,27,17,65
7/17/2014,28,35,22,85
7/18/2014,18,26,15,59
7/19/2014,23,35,22,80
7/20/2014,17,42,25,84
7/21/2014,17,34,16,67
7/22/2014,24,12,19,55
7/23/2014,21,30,22,73
7/24/2014,21,29,9,59
7/25/2014,17,38,10,65
7/26/2014,23,22,21,66
7/27/2014,23,32,21,76
7/28/2014,18,23,18,59
7/29/2014,20,9,13,42
7/30/2014,9,26,15,50
7/31/2014,18,17,9,44
8/1/2014,16,30,12,58
8/2/2014,12,23,18,53
8/3/2014,18,36,14,68
8/4/2014,25,22,15,62
8/5/2014,21,32,16,69
8/6/2014,17,41,17,75
8/7/2014,7,32,20,59
8/8/2014,18,35,9,62
8/9/2014,12,18,11,41
8/10/2014,20,29,8,57
8/11/2014,17,23,11,51
8/12/2014,16,24,9,49
8/13/2014,14,30,15,59
8/14/2014,13,40,17,70
8/15/2014,26,25,13,64
8/16/2014,13,24,12,49
8/17/2014,19,25,22,66
8/18/2014,21,13,15,49
8/19/2014,17,25,22,64
8/20/2014,17,37,22,76
8/21/2014,13,27,10,50
8/22/2014,19,30,14,63
8/23/2014,14,30,7,51
8/24/2014,18,38,20,76
8/25/2014,32,23,17,72
8/26/2014,25,28,15,68
8/27/2014,17,26,29,72
8/28/2014,14,31,23,68
8/29/2014,23,19,18,60
8/30/2014,22,16,27,65
8/31/2014,12,18,17,47
9/1/2014,20,25,20,65
9/2/2014,28,25,16,69
9/3/2014,16,13,10,39
9/4/2014,19,20,17,56
9/5/2014,21,12,18,51
9/6/2014,19,12,15,46
9/7/2014,26,37,29,92
9/8/2014,20,35,10,65
9/9/2014,16,17,14,47
9/10/2014,22,22,19,63
9/11/2014,13,42,18,73
9/12/2014,24,23,12,59
9/13/2014,22,31,22,75
9/14/2014,19,25,15,59
9/15/2014,22,26,15,63
9/16/2014,17,21,21,59
9/17/2014,21,26,17,64
9/18/2014,21,31,24,76
9/19/2014,19,33,16,68
9/20/2014,14,34,21,69
9/21/2014,23,22,19,64
9/22/2014,12,17,11,40
9/23/2014,12,46,10,68
9/24/2014,20,33,11,64
9/25/2014,21,20,9,50
9/26/2014,19,41,21,81
9/27/2014,15,28,22,65
9/28/2014,19,30,14,63
9/29/2014,23,25,13,61
9/30/2014,11,28,15,54
10/1/2014,15,36,16,67
10/2/2014,17,31,10,58
10/3/2014,22,32,15,69
10/4/2014,17,29,26,72
10/5/2014,26,14,12,52
10/6/2014,30,24,21,75
10/7/2014,17,33,10,60
10/8/2014,19,26,19,64
10/9/2014,14,37,11,62
10/10/2014,24,27,23,74
10/11/2014,18,33,14,65
10/12/2014,19,26,19,64
10/13/2014,15,32,15,62
10/14/2014,20,41,22,83
10/15/2014,20,36,5,61
10/16/2014,20,29,17,66
10/17/2014,19,24,12,55
10/18/2014,25,28,19,72
10/19/2014,14,26,26,66
10/20/2014,28,29,15,72
10/21/2014,18,35,18,71
10/22/2014,14,23,16,53
10/23/2014,20,26,19,65
10/24/2014,31,11,12,54
10/25/2014,16,36,21,73
10/26/2014,28,26,16,70
10/27/2014,25,25,12,62
10/28/2014,28,32,17,77
10/29/2014,28,11,19,58
10/30/2014,15,33,10,58
10/31/2014,21,23,14,58
11/1/2014,25,29,16,70
11/2/2014,17,39,11,67
11/3/2014,21,38,21,80
11/4/2014,22,22,9,53
11/5/2014,20,31,21,72
11/6/2014,22,20,18,60
11/7/2014,29,15,18,62
11/8/2014,16,26,20,62
11/9/2014,24,30,25,79
11/10/2014,23,27,13,63
11/11/2014,27,22,12,61
11/12/2014,13,35,19,67
11/13/2014,20,34,22,76
11/14/2014,24,41,23,88
11/15/2014,18,31,21,70
11/16/2014,17,24,13,54
11/17/2014,19,31,24,74
11/18/2014,23,24,22,69
11/19/2014,15,26,22,63
11/20/2014,25,26,16,67
11/21/2014,24,24,7,55
11/22/2014,14,35,15,64
11/23/2014,23,27,13,63
11/24/2014,22,27,13,62
11/25/2014,12,24,22,58
11/26/2014,17,7,15,39
11/27/2014,15,30,15,60
11/28/2014,14,13,8,35
11/29/2014,16,33,19,68
11/30/2014,21,13,11,45
12/1/2014,17,24,14,55
12/2/2014,17,35,10,62
12/3/2014,20,28,12,60
12/4/2014,16,30,14,60
12/5/2014,23,26,16,65
12/6/2014,21,32,21,74
12/7/2014,15,26,13,54
12/8/2014,23,33,18,74
12/9/2014,14,13,20,47
12/10/2014,26,35,27,88
12/11/2014,13,31,20,64
12/12/2014,22,27,13,62
12/13/2014,28,26,7,61
12/14/2014,30,28,11,69
12/15/2014,23,18,17,58
12/16/2014,28,32,15,75
12/17/2014,22,37,10,69
12/18/2014,19,19,21,59
12/19/2014,8,23,14,45
12/20/2014,16,23,23,62
12/21/2014,26,21,21,68
12/22/2014,16,34,12,62
12/23/2014,26,24,20,70
12/24/2014,21,33,16,70
12/25/2014,25,21,11,57
12/26/2014,13,40,15,68
12/27/2014,26,18,24,68
12/28/2014,17,28,14,59
12/29/2014,23,27,19,69
12/30/2014,11,38,19,68
12/31/2014,13,40,15,68
1/1/2015,24,25,11,60
1/2/2015,26,36,16,78
1/3/2015,12,24,22,58
1/4/2015,12,25,16,53
1/5/2015,23,31,14,68
1/6/2015,16,33,25,74
1/7/2015,29,19,17,65
1/8/2015,27,35,18,80
1/9/2015,22,33,13,68
1/10/2015,16,24,11,51
1/11/2015,25,25,20,70
1/12/2015,10,27,23,60
1/13/2015,23,37,10,70
1/14/2015,23,29,10,62
1/15/2015,16,35,17,68
1/16/2015,19,16,12,47
1/17/2015,24,27,17,68
1/18/2015,30,29,16,75
1/19/2015,25,23,6,54
1/20/2015,22,23,19,64
1/21/2015,17,38,16,71
1/22/2015,30,37,9,76
1/23/2015,21,26,19,66
1/24/2015,19,29,21,69
1/25/2015,7,34,14,55
1/26/2015,20,18,19,57
1/27/2015,14,34,21,69
1/28/2015,7,28,22,57
1/29/2015,20,33,8,61
1/30/2015,18,22,8,48
1/31/2015,21,24,22,67
2/1/2015,24,22,15,61
2/2/2015,23,30,17,70
2/3/2015,18,29,14,61
2/4/2015,28,19,14,61
2/5/2015,23,37,15,75
2/6/2015,22,21,24,67
2/7/2015,16,32,9,57
2/8/2015,26,41,17,84
2/9/2015,19,26,23,68
2/10/2015,16,43,17,76
2/11/2015,21,27,17,65
2/12/2015,27,41,16,84
2/13/2015,12,28,9,49
2/14/2015,26,24,18,68
2/15/2015,10,37,11,58
2/16/2015,22,28,20,70
2/17/2015,20,30,11,61
2/18/2015,20,18,10,48
2/19/2015,14,19,19,52
2/20/2015,27,30,21,78
2/21/2015,26,33,9,68
2/22/2015,27,18,28,73
2/23/2015,16,11,18,45
2/24/2015,18,36,19,73
2/25/2015,26,29,17,72
2/26/2015,21,33,14,68
2/27/2015,20,24,10,54
2/28/2015,18,29,15,62
3/1/2015,23,40,11,74
3/2/2015,18,21,18,57
3/3/2015,29,13,17,59
3/4/2015,12,29,24,65
3/5/2015,17,24,14,55
3/6/2015,20,34,15,69
3/7/2015,24,31,25,80
3/8/2015,16,26,20,62
3/9/2015,14,31,14,59
3/10/2015,21,26,20,67
3/11/2015,18,33,11,62
3/12/2015,15,46,15,76
3/13/2015,23,21,15,59
3/14/2015,20,28,20,68
3/15/2015,24,44,14,82
3/16/2015,20,34,25,79
3/17/2015,23,29,11,63
3/18/2015,19,21,15,55
3/19/2015,16,29,17,62
3/20/2015,17,38,11,66
3/21/2015,13,37,10,60
3/22/2015,18,24,12,54
3/23/2015,18,12,10,40
3/24/2015,18,16,24,58
3/25/2015,26,30,18,74
3/26/2015,17,27,23,67
3/27/2015,21,30,22,73
3/28/2015,13,13,14,40
3/29/2015,23,22,12,57
3/30/2015,23,8,18,49
3/31/2015,16,18,12,46
4/1/2015,23,38,22,83
4/2/2015,12,26,20,58
4/3/2015,24,18,27,69
4/4/2015,11,26,17,54
4/5/2015,21,24,13,58
4/6/2015,16,14,22,52
4/7/2015,22,28,14,64
4/8/2015,13,24,18,55
4/9/2015,27,22,14,63
4/10/2015,24,27,17,68
4/11/2015,10,26,11,47
4/12/2015,25,18,18,61
4/13/2015,19,22,19,60
4/14/2015,23,25,15,63
4/15/2015,19,39,20,78
4/16/2015,22,33,15,70
4/17/2015,32,20,14,66
4/18/2015,21,18,10,49
4/19/2015,24,31,24,79
4/20/2015,25,19,16,60
4/21/2015,17,33,18,68
4/22/2015,21,38,12,71
4/23/2015,23,36,14,73
4/24/2015,16,23,26,65
4/25/2015,22,16,22,60
4/26/2015,20,21,9,50
4/27/2015,17,26,9,52
4/28/2015,23,31,14,68
4/29/2015,17,20,12,49
4/30/2015,20,19,17,56
5/1/2015,13,28,22,63
5/2/2015,23,32,15,70
5/3/2015,18,39,22,79
5/4/2015,17,35,21,73
5/5/2015,17,21,8,46
5/6/2015,25,16,17,58
5/7/2015,16,29,7,52
5/8/2015,27,28,24,79
5/9/2015,19,34,21,74
5/10/2015,15,30,18,63
5/11/2015,24,23,21,68
5/12/2015,16,31,12,59
5/13/2015,23,37,23,83
5/14/2015,23,34,14,71
5/15/2015,22,44,23,89
5/16/2015,24,20,11,55
5/17/2015,20,16,12,48
5/18/2015,22,19,13,54
5/19/2015,18,17,19,54
5/20/2015,23,37,16,76
5/21/2015,16,35,14,65
5/22/2015,25,13,9,47
5/23/2015,21,24,12,57
5/24/2015,24,15,18,57
5/25/2015,29,23,6,58
5/26/2015,17,18,6,41
5/27/2015,19,27,20,66
5/28/2015,17,41,27,85
5/29/2015,16,17,18,51
5/30/2015,21,22,20,63
5/31/2015,18,30,18,66
6/1/2015,22,25,20,67
6/2/2015,18,33,23,74
6/3/2015,28,13,26,67
6/4/2015,17,34,26,77
6/5/2015,11,27,20,58
6/6/2015,27,25,10,62
6/7/2015,12,19,15,46
6/8/2015,14,34,22,70
6/9/2015,22,41,13,76
6/10/2015,21,36,20,77
6/11/2015,23,32,14,69
6/12/2015,17,21,22,60
6/13/2015,25,23,19,67
6/14/2015,25,26,10,61
6/15/2015,18,30,23,71
6/16/2015,27,39,10,76
6/17/2015,17,32,15,64
6/18/2015,20,30,9,59
6/19/2015,8,27,14,49
6/20/2015,21,14,7,42
6/21/2015,22,31,14,67
6/22/2015,17,28,18,63
6/23/2015,22,33,17,72
6/24/2015,24,23,23,70
6/25/2015,27,35,17,79
6/26/2015,14,8,20,42
6/27/2015,33,37,11,81
6/28/2015,18,33,24,75
6/29/2015,15,22,23,60
6/30/2015,23,24,21,68
7/1/2015,10,32,13,55
7/2/2015,20,18,17,55
7/3/2015,25,15,13,53
7/4/2015,16,35,16,67
7/5/2015,20,21,17,58
7/6/2015,17,32,25,74
7/7/2015,20,32,11,63
7/8/2015,17,27,26,70
7/9/2015,22,25,17,64
7/10/2015,21,26,19,66
7/11/2015,20,34,17,71
7/12/2015,15,35,13,63
7/13/2015,22,30,23,75
7/14/2015,27,35,16,78
7/15/2015,17,29,9,55
7/16/2015,12,29,16,57
7/17/2015,16,32,24,72
7/18/2015,19,20,26,65
7/19/2015,24,33,17,74
7/20/2015,21,31,13,65
7/21/2015,27,26,14,67
7/22/2015,24,24,13,61
7/23/2015,20,27,14,61
7/24/2015,15,14,18,47
7/25/2015,28,20,15,63
7/26/2015,12,20,7,39
7/27/2015,25,18,14,57
7/28/2015,23,21,22,66
7/29/2015,18,19,18,55
7/30/2015,17,23,9,49
7/31/2015,22,33,17,72
8/1/2015,13,15,11,39
8/2/2015,28,26,9,63
8/3/2015,15,30,21,66
8/4/2015,19,22,25,66
8/5/2015,21,20,21,62
8/6/2015,18,13,18,49
8/7/2015,17,19,15,51
8/8/2015,22,31,12,65
8/9/2015,20,14,14,48
8/10/2015,21,23,21,65
8/11/2015,16,30,14,60
8/12/2015,18,30,20,68
8/13/2015,27,23,10,60
8/14/2015,26,31,11,68
8/15/2015,20,30,19,69
8/16/2015,25,22,25,72
8/17/2015,24,27,18,69
8/18/2015,23,29,13,65
8/19/2015,22,22,19,63
8/20/2015,31,22,16,69
8/21/2015,13,43,14,70
8/22/2015,11,27,15,53
8/23/2015,26,29,19,74
8/24/2015,27,25,10,62
8/25/2015,31,31,25,87
8/26/2015,21,17,18,56
8/27/2015,24,14,18,56
8/28/2015,16,29,10,55
8/29/2015,21,29,15,65
8/30/2015,25,14,18,57
8/31/2015,20,9,22,51
9/1/2015,21,31,17,69
9/2/2015,20,27,24,71
9/3/2015,23,34,17,74
9/4/2015,19,25,20,64
9/5/2015,25,11,16,52
9/6/2015,14,27,13,54
9/7/2015,15,20,10,45
9/8/2015,15,28,16,59
9/9/2015,14,23,23,60
9/10/2015,22,29,23,74
9/11/2015,23,21,11,55
9/12/2015,14,28,19,61
9/13/2015,16,28,8,52
9/14/2015,21,33,13,67
9/15/2015,18,24,18,60
9/16/2015,25,23,28,76
9/17/2015,25,24,14,63
9/18/2015,22,23,22,67
9/19/2015,21,28,12,61
9/20/2015,18,15,6,39
9/21/2015,23,19,20,62
9/22/2015,22,26,10,58
9/23/2015,25,23,15,63
9/24/2015,22,28,12,62
9/25/2015,24,28,20,72
9/26/2015,30,33,16,79
9/27/2015,26,21,26,73
9/28/2015,26,31,8,65
9/29/2015,15,24,14,53
9/30/2015,25,27,23,75
10/1/2015,21,33,22,76
10/2/2015,27,16,13,56
10/3/2015,29,38,24,91
10/4/2015,18,28,21,67
10/5/2015,21,33,7,61
10/6/2015,14,33,21,68
10/7/2015,32,20,21,73
10/8/2015,17,21,15,53
10/9/2015,14,29,20,63
10/10/2015,20,33,26,79
10/11/2015,20,24,22,66
10/12/2015,18,26,12,56
10/13/2015,20,21,21,62
10/14/2015,21,24,11,56
10/15/2015,21,33,9,63
10/16/2015,20,29,14,63
10/17/2015,28,31,19,78
10/18/2015,22,25,12,59
10/19/2015,21,35,18,74
10/20/2015,23,23,18,64
10/21/2015,24,28,21,73
10/22/2015,19,31,9,59
10/23/2015,22,36,19,77
10/24/2015,9,31,16,56
10/25/2015,19,15,15,49
10/26/2015,9,25,16,50
10/27/2015,9,9,16,34
10/28/2015,17,29,12,58
10/29/2015,23,18,8,49
10/30/2015,20,37,19,76
10/31/2015,25,16,12,53
11/1/2015,25,41,23,89
11/2/2015,30,35,12,77
11/3/2015,14,16,15,45
11/4/2015,16,29,16,61
11/5/2015,14,17,18,49
11/6/2015,21,30,20,71
11/7/2015,23,23,20,66
11/8/2015,17,27,22,66
11/9/2015,19,31,10,60
11/10/2015,19,20,27,66
11/11/2015,14,20,18,52
11/12/2015,13,21,16,50
11/13/2015,14,23,12,49
11/14/2015,20,25,14,59
11/15/2015,22,31,17,70
11/16/2015,23,27,8,58
11/17/2015,14,20,19,53
11/18/2015,8,38,18,64
11/19/2015,17,23,11,51
11/20/2015,14,27,21,62
11/21/2015,21,20,19,60
11/22/2015,25,18,9,52
11/23/2015,18,25,16,59
11/24/2015,30,35,16,81
11/25/2015,26,23,22,71
11/26/2015,19,17,21,57
11/27/2015,23,28,16,67
11/28/2015,24,30,15,69
11/29/2015,7,17,20,44
11/30/2015,26,32,15,73
12/1/2015,20,19,13,52
12/2/2015,13,34,17,64
12/3/2015,17,44,22,83
12/4/2015,25,18,12,55
12/5/2015,25,22,13,60
12/6/2015,11,27,9,47
12/7/2015,27,22,17,66
12/8/2015,27,18,25,70
12/9/2015,13,29,13,55
12/10/2015,16,23,16,55
12/11/2015,27,27,23,77
12/12/2015,18,10,11,39
12/13/2015,17,35,11,63
12/14/2015,31,37,14,82
12/15/2015,26,31,18,75
12/16/2015,18,10,20,48
12/17/2015,26,40,20,86
12/18/2015,18,44,19,81
12/19/2015,22,15,19,56
12/20/2015,26,29,21,76
12/21/2015,13,14,15,42
12/22/2015,22,19,17,58
12/23/2015,13,29,16,58
12/24/2015,13,20,16,49
12/25/2015,11,17,20,48
12/26/2015,15,30,13,58
12/27/2015,20,27,18,65
12/28/2015,21,27,19,67
12/29/2015,12,19,23,54
12/30/2015,27,40,15,82
12/31/2015,16,22,12,50
1/1/2016,17,28,19,64
1/2/2016,16,25,23,64
1/3/2016,15,37,22,74
1/4/2016,19,21,24,64
1/5/2016,20,26,17,63
1/6/2016,23,25,16,64
1/7/2016,21,35,14,70
1/8/2016,20,14,14,48
1/9/2016,11,16,19,46
1/10/2016,21,26,15,62
1/11/2016,13,39,23,75
1/12/2016,15,29,23,67
1/13/2016,25,19,21,65
1/14/2016,18,34,9,61
1/15/2016,18,30,14,62
1/16/2016,23,22,15,60
1/17/2016,18,28,20,66
1/18/2016,23,22,10,55
1/19/2016,25,28,16,69
1/20/2016,10,31,21,62
1/21/2016,20,19,16,55
1/22/2016,29,36,22,87
1/23/2016,14,24,21,59
1/24/2016,23,21,23,67
1/25/2016,21,24,15,60
1/26/2016,21,24,13,58
1/27/2016,22,27,16,65
1/28/2016,27,41,18,86
1/29/2016,28,15,16,59
1/30/2016,20,29,24,73
1/31/2016,20,38,17,75
2/1/2016,28,28,17,73
2/2/2016,21,29,20,70
2/3/2016,15,32,12,59
2/4/2016,16,17,12,45
2/5/2016,12,25,17,54
2/6/2016,17,14,8,39
2/7/2016,15,39,14,68
2/8/2016,13,18,14,45
2/9/2016,30,15,16,61
2/10/2016,19,30,28,77
2/11/2016,20,23,22,65
2/12/2016,26,15,12,53
2/13/2016,23,39,21,83
2/14/2016,26,18,14,58
2/15/2016,27,34,12,73
2/16/2016,19,37,6,62
2/17/2016,15,32,19,66
2/18/2016,13,30,20,63
2/19/2016,27,34,21,82
2/20/2016,28,34,20,82
2/21/2016,16,35,19,70
2/22/2016,23,34,21,78
2/23/2016,24,19,12,55
2/24/2016,19,16,22,57
2/25/2016,25,35,22,82
2/26/2016,19,21,14,54
2/27/2016,17,28,20,65
2/28/2016,22,20,13,55
2/29/2016,16,29,17,62
3/1/2016,11,35,15,61
3/2/2016,14,32,22,68
3/3/2016,29,28,13,70
3/4/2016,19,23,15,57
3/5/2016,18,29,20,67
3/6/2016,19,21,29,69
3/7/2016,22,16,16,54
3/8/2016,22,29,25,76
3/9/2016,27,36,13,76
3/10/2016,23,16,14,53
3/11/2016,14,38,16,68
3/12/2016,21,30,11,62
3/13/2016,19,32,10,61
3/14/2016,18,27,8,53
3/15/2016,25,24,9,58
3/16/2016,20,22,15,57
3/17/2016,14,33,16,63
3/18/2016,13,29,16,58
3/19/2016,17,16,20,53
3/20/2016,21,34,22,77
3/21/2016,22,30,20,72
3/22/2016,21,35,25,81
3/23/2016,21,11,22,54
3/24/2016,14,24,24,62
3/25/2016,22,22,15,59
3/26/2016,18,26,15,59
3/27/2016,22,28,20,70
3/28/2016,25,22,11,58
3/29/2016,15,31,22,68
3/30/2016,18,26,26,70
3/31/2016,12,27,21,60
4/1/2016,19,20,10,49
4/2/2016,15,14,22,51
4/3/2016,24,32,14,70
4/4/2016,19,18,22,59
4/5/2016,22,23,20,65
4/6/2016,20,23,12,55
4/7/2016,10,27,20,57
4/8/2016,20,23,24,67
4/9/2016,23,38,13,74
4/10/2016,23,26,13,62
4/11/2016,21,23,26,70
4/12/2016,14,36,12,62
4/13/2016,21,37,24,82
4/14/2016,18,22,17,57
4/15/2016,13,21,20,54
4/16/2016,22,23,22,67
4/17/2016,25,29,6,60
4/18/2016,10,26,19,55
4/19/2016,21,23,21,65
4/20/2016,9,36,22,67
4/21/2016,22,21,18,61
4/22/2016,13,26,18,57
4/23/2016,15,21,21,57
4/24/2016,22,16,21,59
4/25/2016,22,35,18,75
4/26/2016,16,16,26,58
4/27/2016,9,35,20,64
4/28/2016,23,19,14,56
4/29/2016,19,23,21,63
4/30/2016,12,27,12,51
5/1/2016,26,31,23,80
5/2/2016,16,23,17,56
5/3/2016,27,14,20,61
5/4/2016,19,28,25,72
5/5/2016,19,36,14,69
5/6/2016,22,27,17,66
5/7/2016,18,33,16,67
5/8/2016,27,14,24,65
5/9/2016,24,17,20,61
5/10/2016,21,20,17,58
5/11/2016,23,37,19,79
5/12/2016,23,27,21,71
5/13/2016,23,27,18,68
5/14/2016,27,31,14,72
5/15/2016,24,22,18,64
5/16/2016,15,15,15,45
5/17/2016,23,20,11,54
5/18/2016,28,19,9,56
5/19/2016,24,18,21,63
5/20/2016,26,23,14,63
5/21/2016,22,18,11,51
5/22/2016,21,33,13,67
5/23/2016,24,14,20,58
5/24/2016,20,34,22,76
5/25/2016,17,13,24,54
5/26/2016,25,23,13,61
5/27/2016,26,20,13,59
5/28/2016,25,23,21,69
5/29/2016,21,37,25,83
5/30/2016,25,32,15,72
5/31/2016,28,20,21,69
6/1/2016,22,22,26,70
6/2/2016,24,36,14,74
6/3/2016,20,17,20,57
6/4/2016,23,18,22,63
6/5/2016,22,23,16,61
6/6/2016,23,22,15,60
6/7/2016,13,39,19,71
6/8/2016,14,23,8,45
6/9/2016,21,29,18,68
6/10/2016,19,28,22,69
6/11/2016,29,29,18,76
6/12/2016,16,17,10,43
6/13/2016,20,29,20,69
6/14/2016,25,32,7,64
6/15/2016,26,23,7,56
6/16/2016,14,11,12,37
6/17/2016,17,30,10,57
6/18/2016,20,25,6,51
6/19/2016,15,35,20,70
6/20/2016,22,13,12,47
6/21/2016,24,32,20,76
6/22/2016,17,27,25,69
6/23/2016,28,33,20,81
6/24/2016,19,35,17,71
6/25/2016,11,22,19,52
6/26/2016,23,32,18,73
6/27/2016,26,34,11,71
6/28/2016,17,40,14,71
6/29/2016,12,19,15,46
6/30/2016,13,24,7,44
7/1/2016,10,29,24,63
7/2/2016,19,18,18,55
7/3/2016,16,27,26,69
7/4/2016,26,17,15,58
7/5/2016,21,27,9,57
7/6/2016,24,28,17,69
7/7/2016,17,30,23,70
7/8/2016,22,17,22,61
7/9/2016,21,13,18,52
7/10/2016,27,25,15,67
7/11/2016,30,24,11,65
7/12/2016,21,36,14,71
7/13/2016,12,33,24,69
7/14/2016,12,16,13,41
7/15/2016,22,34,12,68
7/16/2016,24,23,8,55
7/17/2016,24,21,16,61
7/18/2016,26,20,13,59
7/19/2016,21,25,25,71
7/20/2016,29,33,23,85
7/21/2016,32,41,14,87
7/22/2016,22,29,25,76
7/23/2016,25,18,23,66
7/24/2016,22,21,20,63
7/25/2016,20,30,10,60
7/26/2016,27,31,12,70
7/27/2016,22,35,16,73
7/28/2016,28,39,23,90
7/29/2016,16,8,22,46
7/30/2016,24,40,17,81
7/31/2016,25,38,19,82
8/1/2016,20,40,9,69
8/2/2016,23,34,22,79
8/3/2016,21,29,21,71
8/4/2016,20,26,23,69
8/5/2016,18,19,23,60
8/6/2016,27,32,25,84
8/7/2016,27,21,20,68
8/8/2016,15,35,11,61
8/9/2016,20,24,11,55
8/10/2016,29,23,18,70
8/11/2016,17,20,20,57
8/12/2016,13,17,17,47
8/13/2016,22,24,21,67
8/14/2016,15,21,13,49
8/15/2016,14,28,13,55
8/16/2016,21,32,20,73
8/17/2016,23,27,12,62
8/18/2016,22,19,15,56
8/19/2016,20,31,11,62
8/20/2016,18,16,7,41
8/21/2016,17,26,14,57
8/22/2016,18,34,11,63
8/23/2016,26,39,9,74
8/24/2016,15,34,10,59
8/25/2016,17,36,14,67
8/26/2016,22,28,11,61
8/27/2016,20,39,27,86
8/28/2016,19,33,25,77
8/29/2016,17,33,13,63
8/30/2016,10,19,11,40
8/31/2016,17,30,20,67
9/1/2016,33,32,21,86
9/2/2016,24,14,9,47
9/3/2016,19,29,12,60
9/4/2016,16,37,22,75
9/5/2016,31,19,20,70
9/6/2016,21,22,19,62
9/7/2016,14,35,12,61
9/8/2016,14,20,20,54
9/9/2016,20,20,17,57
9/10/2016,15,29,14,58
9/11/2016,13,18,27,58
9/12/2016,23,21,24,68
9/13/2016,17,26,13,56
9/14/2016,18,35,23,76
9/15/2016,18,15,26,59
9/16/2016,18,17,10,45
9/17/2016,13,40,17,70
9/18/2016,21,32,24,77
9/19/2016,19,15,11,45
9/20/2016,15,25,17,57
9/21/2016,27,14,21,62
9/22/2016,22,22,20,64
9/23/2016,21,33,20,74
9/24/2016,21,29,10,60
9/25/2016,18,23,20,61
9/26/2016,26,24,14,64
9/27/2016,24,25,23,72
9/28/2016,20,25,20,65
9/29/2016,27,37,10,74
9/30/2016,14,31,20,65
10/1/2016,21,38,16,75
10/2/2016,25,20,19,64
10/3/2016,12,28,11,51
10/4/2016,24,31,17,72
10/5/2016,18,19,19,56
10/6/2016,22,35,24,81
10/7/2016,29,26,13,68
10/8/2016,19,19,12,50
10/9/2016,17,22,14,53
10/10/2016,17,33,22,72
10/11/2016,20,30,23,73
10/12/2016,16,22,19,57
10/13/2016,14,23,9,46
10/14/2016,23,23,13,59
10/15/2016,16,30,20,66
10/16/2016,18,31,10,59
10/17/2016,20,42,21,83
10/18/2016,20,26,25,71
10/19/2016,19,22,16,57
10/20/2016,22,27,17,66
10/21/2016,26,28,11,65
10/22/2016,18,38,14,70
10/23/2016,23,34,24,81
10/24/2016,19,18,20,57
10/25/2016,18,27,18,63
10/26/2016,21,33,6,60
10/27/2016,12,34,14,60
10/28/2016,25,34,7,66
10/29/2016,19,15,24,58
10/30/2016,9,27,23,59
10/31/2016,19,35,16,70
11/1/2016,14,12,17,43
11/2/2016,20,27,17,64
11/3/2016,14,19,9,42
11/4/2016,14,23,12,49
11/5/2016,17,32,14,63
11/6/2016,31,39,21,91
11/7/2016,28,27,22,77
11/8/2016,20,22,13,55
11/9/2016,20,36,23,79
11/10/2016,13,34,15,62
11/11/2016,24,28,15,67
11/12/2016,22,24,22,68
11/13/2016,16,22,24,62
11/14/2016,15,43,16,74
11/15/2016,13,26,7,46
11/16/2016,17,22,22,61
11/17/2016,11,27,18,56
11/18/2016,25,37,15,77
11/19/2016,18,42,18,78
11/20/2016,14,22,22,58
11/21/2016,19,18,17,54
11/22/2016,24,26,15,65
11/23/2016,14,25,13,52
11/24/2016,13,17,27,57
11/25/2016,15,27,24,66
11/26/2016,16,23,14,53
11/27/2016,16,22,18,56
11/28/2016,21,35,21,77
11/29/2016,16,30,19,65
11/30/2016,20,29,11,60
12/1/2016,16,24,22,62
12/2/2016,27,28,10,65
12/3/2016,21,27,12,60
12/4/2016,14,35,21,70
12/5/2016,20,29,8,57
12/6/2016,24,18,20,62
12/7/2016,25,13,12,50
12/8/2016,15,35,16,66
12/9/2016,27,19,20,66
12/10/2016,16,35,13,64
12/11/2016,14,26,14,54
12/12/2016,10,16,13,39
12/13/2016,21,34,14,69
12/14/2016,26,22,19,67
12/15/2016,17,27,20,64
12/16/2016,15,39,16,70
12/17/2016,16,12,19,47
12/18/2016,15,26,27,68
12/19/2016,20,35,24,79
12/20/2016,13,29,21,63
12/21/2016,24,19,17,60
12/22/2016,21,34,8,63
12/23/2016,10,29,15,54
12/24/2016,26,30,12,68
12/25/2016,24,23,12,59
12/26/2016,19,24,22,65
12/27/2016,20,36,15,71
12/28/2016,11,13,22,46
12/29/2016,24,32,9,65
12/30/2016,21,27,16,64
12/31/2016,20,19,16,55
1/1/2017,17,23,12,52
1/2/2017,18,27,18,63
1/3/2017,22,31,13,66
1/4/2017,22,26,20,68
1/5/2017,26,27,12,65
1/6/2017,12,32,12,56
1/7/2017,12,35,14,61
1/8/2017,12,18,25,55
1/9/2017,20,41,10,71
1/10/2017,19,31,19,69
1/11/2017,17,26,19,62
1/12/2017,27,39,21,87
1/13/2017,22,33,21,76
1/14/2017,18,11,20,49
1/15/2017,15,26,25,66
1/16/2017,20,23,11,54
1/17/2017,16,28,11,55
1/18/2017,17,35,17,69
1/19/2017,23,28,21,72
1/20/2017,13,22,16,51
1/21/2017,15,23,7,45
1/22/2017,32,28,11,71
1/23/2017,15,30,18,63
1/24/2017,29,22,13,64
1/25/2017,15,24,11,50
1/26/2017,29,36,12,77
1/27/2017,16,31,23,70
1/28/2017,19,30,15,64
1/29/2017,13,27,17,57
1/30/2017,27,22,15,64
1/31/2017,25,28,16,69
2/1/2017,27,31,20,78
2/2/2017,9,22,12,43
2/3/2017,25,40,17,82
2/4/2017,18,30,13,61
2/5/2017,11,32,18,61
2/6/2017,22,29,21,72
2/7/2017,19,38,21,78
2/8/2017,26,37,10,73
2/9/2017,22,45,18,85
2/10/2017,18,32,16,66
2/11/2017,26,32,19,77
2/12/2017,20,35,10,65
2/13/2017,20,19,22,61
2/14/2017,20,18,21,59
2/15/2017,14,18,20,52
2/16/2017,19,24,14,57
2/17/2017,12,22,17,51
2/18/2017,18,22,12,52
2/19/2017,20,29,18,67
2/20/2017,27,19,23,69
2/21/2017,10,22,17,49
2/22/2017,22,19,16,57
2/23/2017,24,34,17,75
2/24/2017,17,30,21,68
2/25/2017,6,32,14,52
2/26/2017,26,28,10,64
2/27/2017,23,24,25,72
2/28/2017,12,33,23,68
3/1/2017,20,31,10,61
3/2/2017,24,24,15,63
3/3/2017,22,38,12,72
3/4/2017,15,33,22,70
3/5/2017,15,38,24,77
3/6/2017,19,21,22,62
3/7/2017,16,24,12,52
3/8/2017,26,29,21,76
3/9/2017,21,28,20,69
3/10/2017,21,36,20,77
3/11/2017,18,24,15,57
3/12/2017,25,24,12,61
3/13/2017,20,32,11,63
3/14/2017,18,23,17,58
3/15/2017,21,20,14,55
3/16/2017,24,26,20,70
3/17/2017,22,26,17,65
3/18/2017,26,29,18,73
3/19/2017,14,20,21,55
3/20/2017,21,28,18,67
3/21/2017,24,33,8,65
3/22/2017,22,27,18,67
3/23/2017,18,30,17,65
3/24/2017,19,25,15,59
3/25/2017,13,9,11,33
3/26/2017,24,26,8,58
3/27/2017,17,19,13,49
3/28/2017,13,33,20,66
3/29/2017,20,33,10,63
3/30/2017,16,12,20,48
3/31/2017,24,17,24,65
4/1/2017,23,37,20,80
4/2/2017,16,36,19,71
4/3/2017,21,18,17,56
4/4/2017,19,40,22,81
4/5/2017,16,29,12,57
4/6/2017,23,23,20,66
4/7/2017,30,24,12,66
4/8/2017,17,33,13,63
4/9/2017,27,21,21,69
4/10/2017,25,31,13,69
4/11/2017,19,38,17,74
4/12/2017,17,35,17,69
4/13/2017,24,43,22,89
4/14/2017,21,26,10,57
4/15/2017,24,33,25,82
4/16/2017,20,23,11,54
4/17/2017,19,29,11,59
4/18/2017,27,23,20,70
4/19/2017,18,29,19,66
4/20/2017,21,22,14,57
4/21/2017,26,28,10,64
4/22/2017,21,42,23,86
4/23/2017,24,44,27,95
4/24/2017,19,22,20,61
4/25/2017,19,16,11,46
4/26/2017,27,23,13,63
4/27/2017,15,24,16,55
4/28/2017,18,11,23,52
4/29/2017,21,28,24,73
4/30/2017,23,23,17,63
5/1/2017,32,35,19,86
5/2/2017,13,25,20,58
5/3/2017,24,32,20,76
5/4/2017,17,33,19,69
5/5/2017,15,24,13,52
5/6/2017,19,30,17,66
5/7/2017,17,31,15,63
5/8/2017,18,22,23,63
5/9/2017,24,26,26,76
5/10/2017,31,23,21,75
5/11/2017,20,34,18,72
5/12/2017,25,36,12,73
5/13/2017,15,34,23,72
5/14/2017,21,25,23,69
5/15/2017,25,41,19,85
5/16/2017,24,29,18,71
5/17/2017,28,20,16,64
5/18/2017,15,32,16,63
5/19/2017,22,31,22,75
5/20/2017,26,17,24,67
5/21/2017,14,38,22,74
5/22/2017,22,22,23,67
5/23/2017,13,16,16,45
5/24/2017,9,31,14,54
5/25/2017,27,26,22,75
5/26/2017,14,35,16,65
5/27/2017,20,33,15,68
5/28/2017,17,19,9,45
5/29/2017,17,32,14,63
5/30/2017,10,35,17,62
5/31/2017,20,28,18,66
6/1/2017,19,29,15,63
6/2/2017,27,20,23,70
6/3/2017,27,13,20,60
6/4/2017,19,31,19,69
6/5/2017,14,19,25,58
6/6/2017,18,26,22,66
6/7/2017,16,21,15,52
6/8/2017,24,14,19,57
6/9/2017,23,20,19,62
6/10/2017,13,21,18,52
6/11/2017,16,33,13,62
6/12/2017,21,30,11,62
6/13/2017,24,28,22,74
6/14/2017,19,28,17,64
6/15/2017,20,40,25,85
6/16/2017,18,23,14,55
6/17/2017,17,23,17,57
6/18/2017,20,23,21,64
6/19/2017,24,17,9,50
6/20/2017,21,32,25,78
6/21/2017,26,34,6,66
6/22/2017,19,37,16,72
6/23/2017,12,30,17,59
6/24/2017,22,32,25,79
6/25/2017,21,38,12,71
6/26/2017,17,25,18,60
6/27/2017,22,23,14,59
6/28/2017,11,18,19,48
6/29/2017,16,41,16,73
6/30/2017,6,30,8,44
7/1/2017,15,26,12,53
7/2/2017,18,15,10,43
7/3/2017,15,32,19,66
7/4/2017,10,22,14,46
7/5/2017,10,35,12,57
7/6/2017,15,17,12,44
7/7/2017,20,25,26,71
7/8/2017,16,25,14,55
7/9/2017,15,25,16,56
7/10/2017,11,36,23,70
7/11/2017,21,32,18,71
7/12/2017,23,29,12,64
7/13/2017,28,21,17,66
7/14/2017,25,24,26,75
7/15/2017,28,28,16,72
7/16/2017,17,28,9,54
7/17/2017,19,39,20,78
7/18/2017,17,39,15,71
7/19/2017,15,17,20,52
7/20/2017,25,29,15,69
7/21/2017,25,22,17,64
7/22/2017,24,21,25,70
7/23/2017,23,41,23,87
7/24/2017,11,26,21,58
7/25/2017,14,26,25,65
7/26/2017,13,40,11,64
7/27/2017,17,31,13,61
7/28/2017,20,37,25,82
7/29/2017,20,22,14,56
7/30/2017,11,39,14,64
7/31/2017,14,27,16,57
8/1/2017,18,35,18,71
8/2/2017,20,26,20,66
8/3/2017,12,39,11,62
8/4/2017,23,17,11,51
8/5/2017,21,21,21,63
8/6/2017,21,15,21,57
8/7/2017,25,36,9,70
8/8/2017,19,23,21,63
8/9/2017,23,23,6,52
8/10/2017,17,45,21,83
8/11/2017,30,16,6,52
8/12/2017,16,40,24,80
8/13/2017,25,37,18,80
8/14/2017,11,17,11,39
8/15/2017,30,28,15,73
8/16/2017,27,24,19,70
8/17/2017,26,14,22,62
8/18/2017,21,32,12,65
8/19/2017,7,22,13,42
8/20/2017,8,30,16,54
8/21/2017,25,22,11,58
8/22/2017,17,40,23,80
8/23/2017,24,32,14,70
8/24/2017,23,30,16,69
8/25/2017,23,37,26,86
8/26/2017,22,30,22,74
8/27/2017,21,23,10,54
8/28/2017,23,31,18,72
8/29/2017,24,28,13,65
8/30/2017,20,26,21,67
8/31/2017,23,26,19,68
9/1/2017,18,29,19,66
9/2/2017,22,39,14,75
9/3/2017,24,29,13,66
9/4/2017,17,25,25,67
9/5/2017,12,29,16,57
9/6/2017,30,30,13,73
9/7/2017,19,25,18,62
9/8/2017,29,37,17,83
9/9/2017,10,33,21,64
9/10/2017,21,25,14,60
9/11/2017,25,17,19,61
9/12/2017,16,30,21,67
9/13/2017,21,26,11,58
9/14/2017,22,24,14,60
9/15/2017,14,40,12,66
9/16/2017,22,30,15,67
9/17/2017,21,28,16,65
9/18/2017,23,25,12,60
9/19/2017,32,17,16,65
9/20/2017,21,33,14,68
9/21/2017,22,22,17,61
9/22/2017,21,23,19,63
9/23/2017,17,30,24,71
9/24/2017,19,26,16,61
9/25/2017,11,13,13,37
9/26/2017,15,37,17,69
9/27/2017,24,31,18,73
9/28/2017,21,32,13,66
9/29/2017,18,29,23,70
9/30/2017,21,31,17,69
10/1/2017,27,31,24,82
10/2/2017,19,10,11,40
10/3/2017,17,43,13,73
10/4/2017,26,13,12,51
10/5/2017,23,22,17,62
10/6/2017,22,22,20,64
10/7/2017,16,33,11,60
10/8/2017,15,22,24,61
10/9/2017,31,35,19,85
10/10/2017,18,29,16,63
10/11/2017,18,35,24,77
10/12/2017,19,33,16,68
10/13/2017,9,24,20,53
10/14/2017,19,38,19,76
10/15/2017,15,21,10,46
10/16/2017,20,16,17,53
10/17/2017,19,27,25,71
10/18/2017,9,27,14,50
10/19/2017,26,23,16,65
10/20/2017,31,30,21,82
10/21/2017,31,16,18,65
10/22/2017,12,15,23,50
10/23/2017,25,38,17,80
10/24/2017,29,34,12,75
10/25/2017,21,35,20,76
10/26/2017,25,34,8,67
10/27/2017,17,21,13,51
10/28/2017,18,29,25,72
10/29/2017,20,22,17,59
10/30/2017,16,23,22,61
10/31/2017,23,29,24,76
11/1/2017,13,26,11,50
11/2/2017,21,22,14,57
11/3/2017,19,21,20,60
11/4/2017,17,28,21,66
11/5/2017,16,29,21,66
11/6/2017,22,22,17,61
11/7/2017,18,35,14,67
11/8/2017,12,22,18,52
11/9/2017,16,36,12,64
11/10/2017,20,30,18,68
11/11/2017,21,29,24,74
11/12/2017,16,26,23,65
11/13/2017,30,24,21,75
11/14/2017,10,27,11,48
11/15/2017,25,18,25,68
11/16/2017,13,20,18,51
11/17/2017,19,23,21,63
11/18/2017,10,19,15,44
11/19/2017,17,33,19,69
11/20/2017,23,17,20,60
11/21/2017,25,30,23,78
11/22/2017,24,18,24,66
11/23/2017,21,18,12,51
11/24/2017,14,16,18,48
11/25/2017,8,17,13,38
11/26/2017,16,27,7,50
11/27/2017,22,22,16,60
11/28/2017,24,33,21,78
11/29/2017,14,30,16,60
11/30/2017,19,23,9,51
12/1/2017,24,17,14,55
12/2/2017,15,34,7,56
12/3/2017,20,24,11,55
12/4/2017,12,39,15,66
12/5/2017,30,18,8,56
12/6/2017,20,11,15,46
12/7/2017,10,30,10,50
12/8/2017,16,17,15,48
12/9/2017,26,27,20,73
12/10/2017,25,29,13,67
12/11/2017,20,33,8,61
12/12/2017,20,28,18,66
12/13/2017,19,29,19,67
12/14/2017,24,33,18,75
12/15/2017,19,32,23,74
12/16/2017,13,31,19,63
12/17/2017,9,19,7,35
12/18/2017,27,23,10,60
12/19/2017,17,15,14,46
12/20/2017,23,41,18,82
12/21/2017,22,26,18,66
12/22/2017,27,17,18,62
12/23/2017,27,27,24,78
12/24/2017,19,32,21,72
12/25/2017,20,18,11,49
12/26/2017,23,34,13,70
12/27/2017,22,22,19,63
12/28/2017,25,27,21,73
12/29/2017,18,19,16,53
12/30/2017,12,26,17,55
12/31/2017,29,20,18,67
1/1/2018,21,38,23,82
1/2/2018,22,40,13,75
1/3/2018,15,20,7,42
1/4/2018,25,22,11,58
1/5/2018,21,28,10,59
1/6/2018,22,18,14,54
1/7/2018,21,22,13,56
1/8/2018,23,13,17,53
1/9/2018,23,37,19,79
1/10/2018,10,27,21,58
1/11/2018,23,24,10,57
1/12/2018,23,18,9,50
1/13/2018,20,15,14,49
1/14/2018,21,28,7,56
1/15/2018,18,29,11,58
1/16/2018,24,42,15,81
1/17/2018,17,17,15,49
1/18/2018,20,32,13,65
1/19/2018,17,32,19,68
1/20/2018,12,34,18,64
1/21/2018,17,36,16,69
1/22/2018,15,46,10,71
1/23/2018,21,19,22,62
1/24/2018,16,31,16,63
1/25/2018,18,22,9,49
1/26/2018,30,27,14,71
1/27/2018,18,27,12,57
1/28/2018,11,27,18,56
1/29/2018,13,30,11,54
1/30/2018,28,27,22,77
1/31/2018,10,22,26,58
2/1/2018,20,38,21,79
2/2/2018,9,17,9,35
2/3/2018,20,35,18,73
2/4/2018,26,19,14,59
2/5/2018,27,41,8,76
2/6/2018,17,27,29,73
2/7/2018,24,24,9,57
2/8/2018,20,30,18,68
2/9/2018,15,25,17,57
2/10/2018,31,12,18,61
2/11/2018,14,18,10,42
2/12/2018,21,25,21,67
2/13/2018,18,39,11,68
2/14/2018,26,33,15,74
2/15/2018,28,34,13,75
2/16/2018,17,31,15,63
2/17/2018,19,28,17,64
2/18/2018,26,22,19,67
2/19/2018,23,36,14,73
2/20/2018,6,22,18,46
2/21/2018,22,25,17,64
2/22/2018,17,8,14,39
2/23/2018,18,30,23,71
2/24/2018,20,20,16,56
2/25/2018,15,26,15,56
2/26/2018,11,14,18,43
2/27/2018,18,19,8,45
2/28/2018,25,21,6,52
3/1/2018,11,25,15,51
3/2/2018,16,23,17,56
3/3/2018,27,26,15,68
3/4/2018,21,33,13,67
3/5/2018,16,29,12,57
3/6/2018,22,37,16,75
3/7/2018,15,26,15,56
3/8/2018,23,19,17,59
3/9/2018,22,20,14,56
3/10/2018,20,23,22,65
3/11/2018,19,27,20,66
3/12/2018,17,23,15,55
3/13/2018,19,29,25,73
3/14/2018,22,19,20,61
3/15/2018,25,38,22,85
3/16/2018,19,27,15,61
3/17/2018,23,39,11,73
3/18/2018,15,23,15,53
3/19/2018,18,35,25,78
3/20/2018,18,24,13,55
3/21/2018,24,26,15,65
3/22/2018,15,21,17,53
3/23/2018,8,21,18,47
3/24/2018,25,36,13,74
3/25/2018,25,39,18,82
3/26/2018,23,24,11,58
3/27/2018,15,34,19,68
3/28/2018,19,17,25,61
3/29/2018,25,20,10,55
3/30/2018,20,26,19,65
3/31/2018,25,16,15,56
4/1/2018,27,30,19,76
4/2/2018,12,29,18,59
4/3/2018,20,32,17,69
4/4/2018,20,28,24,72
4/5/2018,20,23,26,69
4/6/2018,24,28,13,65
4/7/2018,27,27,11,65
4/8/2018,29,35,18,82
4/9/2018,26,32,12,70
4/10/2018,19,30,16,65
4/11/2018,20,37,6,63
4/12/2018,29,23,19,71
4/13/2018,25,25,19,69
4/14/2018,23,24,13,60
4/15/2018,26,27,23,76
4/16/2018,16,14,7,37
4/17/2018,14,30,13,57
4/18/2018,20,40,26,86
4/19/2018,16,31,20,67
4/20/2018,21,31,22,74
4/21/2018,22,16,18,56
4/22/2018,15,37,9,61
4/23/2018,17,37,18,72
4/24/2018,20,42,15,77
4/25/2018,17,22,13,52
4/26/2018,25,37,19,81
4/27/2018,17,24,20,61
4/28/2018,15,29,16,60
4/29/2018,28,32,16,76
4/30/2018,32,11,10,53
5/1/2018,19,31,14,64
5/2/2018,9,38,23,70
5/3/2018,24,26,17,67
5/4/2018,24,33,15,72
5/5/2018,22,22,22,66
5/6/2018,25,24,12,61
5/7/2018,19,19,18,56
5/8/2018,15,26,22,63
5/9/2018,12,34,16,62
5/10/2018,16,43,18,77
5/11/2018,25,31,16,72
5/12/2018,17,22,7,46
5/13/2018,15,44,17,76
5/14/2018,16,35,28,79
5/15/2018,18,29,11,58
5/16/2018,25,22,23,70
5/17/2018,21,33,18,72
5/18/2018,14,29,13,56
5/19/2018,14,32,16,62
5/20/2018,13,26,26,65
5/21/2018,27,36,17,80
5/22/2018,21,36,13,70
5/23/2018,19,14,20,53
5/24/2018,20,28,9,57
5/25/2018,33,19,20,72
5/26/2018,21,33,20,74
5/27/2018,19,25,16,60
5/28/2018,16,21,19,56
5/29/2018,27,25,13,65
5/30/2018,16,22,18,56
5/31/2018,21,19,22,62
6/1/2018,25,26,18,69
6/2/2018,27,26,10,63
6/3/2018,21,30,22,73
6/4/2018,14,25,17,56
6/5/2018,19,29,10,58
6/6/2018,22,19,13,54
6/7/2018,13,17,19,49
6/8/2018,20,39,19,78
6/9/2018,14,26,22,62
6/10/2018,20,25,22,67
6/11/2018,23,32,20,75
6/12/2018,9,21,19,49
6/13/2018,25,32,22,79
6/14/2018,21,22,23,66
6/15/2018,19,27,23,69
6/16/2018,16,22,14,52
6/17/2018,15,25,20,60
6/18/2018,21,22,26,69
6/19/2018,19,29,19,67
6/20/2018,16,43,14,73
6/21/2018,17,28,16,61
6/22/2018,26,38,21,85
6/23/2018,20,33,21,74
6/24/2018,21,21,19,61
6/25/2018,9,28,20,57
6/26/2018,17,39,26,82
6/27/2018,13,19,27,59
6/28/2018,15,26,8,49
6/29/2018,20,40,28,88
6/30/2018,17,13,15,45
7/1/2018,9,27,18,54
7/2/2018,21,29,11,61
7/3/2018,24,32,22,78
7/4/2018,20,39,15,74
7/5/2018,15,22,26,63
7/6/2018,16,12,26,54
7/7/2018,20,21,14,55
7/8/2018,20,26,23,69
7/9/2018,19,28,17,64
7/10/2018,20,29,19,68
7/11/2018,19,24,14,57
7/12/2018,18,35,10,63
7/13/2018,23,23,17,63
7/14/2018,26,33,18,77
7/15/2018,20,29,20,69
7/16/2018,20,18,22,60
7/17/2018,17,31,16,64
7/18/2018,12,23,15,50
7/19/2018,19,30,11,60
7/20/2018,18,36,21,75
7/21/2018,24,19,14,57
7/22/2018,21,26,17,64
7/23/2018,23,16,15,54
7/24/2018,26,39,20,85
7/25/2018,14,25,17,56
7/26/2018,17,23,24,64
7/27/2018,26,29,21,76
7/28/2018,10,30,13,53
7/29/2018,20,25,9,54
7/30/2018,26,27,24,77
7/31/2018,21,20,5,46
8/1/2018,11,17,20,48
8/2/2018,17,9,15,41
8/3/2018,11,20,11,42
8/4/2018,19,40,8,67
8/5/2018,20,22,15,57
8/6/2018,23,21,7,51
8/7/2018,22,25,14,61
8/8/2018,20,22,20,62
8/9/2018,15,34,15,64
8/10/2018,30,23,15,68
8/11/2018,32,25,24,81
8/12/2018,22,25,17,64
8/13/2018,18,22,6,46
8/14/2018,17,32,20,69
8/15/2018,21,37,14,72
8/16/2018,16,26,26,68
8/17/2018,18,25,23,66
8/18/2018,20,33,22,75
8/19/2018,13,18,12,43
8/20/2018,28,36,19,83
8/21/2018,7,31,17,55
8/22/2018,14,15,8,37
8/23/2018,21,22,18,61
8/24/2018,16,17,14,47
8/25/2018,27,38,13,78
8/26/2018,24,16,20,60
8/27/2018,17,29,17,63
8/28/2018,20,11,19,50
8/29/2018,20,24,15,59
8/30/2018,32,33,14,79
8/31/2018,16,21,18,55
9/1/2018,19,28,20,67
9/2/2018,18,28,12,58
9/3/2018,20,31,13,64
9/4/2018,17,30,16,63
9/5/2018,22,25,13,60
9/6/2018,23,26,13,62
9/7/2018,28,24,19,71
9/8/2018,22,18,13,53
9/9/2018,15,32,25,72
9/10/2018,15,25,20,60
9/11/2018,19,24,22,65
9/12/2018,9,28,23,60
9/13/2018,14,13,15,42
9/14/2018,29,28,13,70
9/15/2018,17,39,19,75
9/16/2018,23,17,13,53
9/17/2018,27,25,20,72
9/18/2018,17,10,19,46
9/19/2018,25,28,16,69
9/20/2018,22,23,14,59
9/21/2018,18,19,20,57
9/22/2018,17,11,18,46
9/23/2018,31,24,21,76
9/24/2018,28,31,24,83
9/25/2018,18,33,11,62
9/26/2018,13,24,12,49
9/27/2018,12,16,23,51
9/28/2018,23,18,16,57
9/29/2018,12,30,21,63
9/30/2018,16,37,18,71
10/1/2018,16,20,11,47
10/2/2018,22,19,8,49
10/3/2018,27,23,20,70
10/4/2018,12,23,28,63
10/5/2018,13,35,17,65
10/6/2018,19,23,15,57
10/7/2018,14,38,16,68
10/8/2018,13,46,11,70
10/9/2018,19,27,12,58
10/10/2018,21,13,24,58
10/11/2018,15,25,13,53
10/12/2018,28,32,11,71
10/13/2018,23,24,13,60
10/14/2018,22,26,23,71
10/15/2018,22,21,18,61
10/16/2018,14,11,17,42
10/17/2018,21,36,22,79
10/18/2018,13,30,16,59
10/19/2018,20,22,15,57
10/20/2018,15,28,14,57
10/21/2018,21,23,6,50
10/22/2018,14,37,14,65
10/23/2018,24,24,18,66
10/24/2018,22,27,24,73
10/25/2018,10,22,18,50
10/26/2018,23,36,12,71
10/27/2018,20,28,15,63
10/28/2018,21,36,13,70
10/29/2018,21,33,21,75
10/30/2018,25,24,19,68
10/31/2018,16,25,19,60
11/1/2018,24,28,18,70
11/2/2018,28,31,7,66
11/3/2018,14,27,26,67
11/4/2018,21,25,12,58
11/5/2018,14,20,17,51
11/6/2018,24,27,25,76
11/7/2018,17,18,13,48
11/8/2018,28,27,10,65
11/9/2018,11,24,25,60
11/10/2018,22,42,11,75
11/11/2018,21,35,19,75
11/12/2018,20,19,19,58
11/13/2018,16,24,10,50
11/14/2018,20,17,19,56
11/15/2018,25,28,23,76
11/16/2018,25,22,21,68
11/17/2018,15,33,5,53
11/18/2018,17,19,12,48
11/19/2018,21,29,18,68
11/20/2018,25,9,17,51
11/21/2018,27,14,21,62
11/22/2018,11,29,23,63
11/23/2018,12,29,17,58
11/24/2018,22,13,15,50
11/25/2018,19,34,21,74
11/26/2018,18,39,14,71
11/27/2018,21,24,19,64
11/28/2018,24,35,23,82
11/29/2018,19,21,12,52
11/30/2018,17,24,9,50
12/1/2018,17,21,22,60
12/2/2018,29,17,14,60
12/3/2018,21,29,15,65
12/4/2018,24,34,15,73
12/5/2018,8,34,16,58
12/6/2018,23,24,20,67
12/7/2018,26,25,15,66
12/8/2018,23,19,8,50
12/9/2018,22,39,18,79
12/10/2018,28,44,21,93
12/11/2018,22,25,17,64
12/12/2018,14,27,22,63
12/13/2018,23,30,23,76
12/14/2018,22,38,24,84
12/15/2018,24,38,10,72
12/16/2018,22,36,19,77
12/17/2018,29,29,14,72
12/18/2018,25,19,22,66
12/19/2018,19,35,19,73
12/20/2018,10,23,5,38
12/21/2018,17,18,9,44
12/22/2018,18,20,15,53
12/23/2018,21,27,20,68
12/24/2018,24,28,17,69
12/25/2018,14,30,8,52
12/26/2018,19,15,21,55
12/27/2018,22,35,17,74
12/28/2018,21,24,18,63
12/29/2018,15,18,18,51
12/30/2018,17,32,10,59
12/31/2018,16,28,13,57
1/1/2019,23,33,13,69
1/2/2019,30,32,12,74
1/3/2019,19,20,16,55
1/4/2019,23,17,9,49
1/5/2019,14,18,18,50
1/6/2019,21,27,15,63
1/7/2019,20,19,11,50
1/8/2019,18,18,17,53
1/9/2019,29,31,12,72
1/10/2019,16,17,17,50
1/11/2019,18,20,8,46
1/12/2019,13,32,20,65
1/13/2019,11,18,15,44
1/14/2019,22,21,25,68
1/15/2019,30,28,15,73
1/16/2019,11,34,16,61
1/17/2019,21,19,12,52
1/18/2019,17,17,10,44
1/19/2019,23,21,21,65
1/20/2019,11,31,26,68
1/21/2019,19,38,20,77
1/22/2019,18,32,15,65
1/23/2019,10,29,14,53
1/24/2019,23,32,13,68
1/25/2019,16,26,18,60
1/26/2019,19,21,20,60
1/27/2019,22,32,13,67
1/28/2019,16,23,14,53
1/29/2019,28,34,23,85
1/30/2019,15,23,18,56
1/31/2019,15,26,13,54
2/1/2019,23,28,18,69
2/2/2019,25,28,11,64
2/3/2019,32,20,18,70
2/4/2019,17,26,20,63
2/5/2019,22,28,17,67
2/6/2019,11,33,13,57
2/7/2019,22,27,15,64
2/8/2019,28,29,23,80
2/9/2019,17,39,21,77
2/10/2019,18,31,19,68
2/11/2019,18,34,21,73
2/12/2019,20,35,13,68
2/13/2019,17,32,18,67
2/14/2019,20,17,18,55
2/15/2019,25,32,12,69
2/16/2019,15,39,24,78
2/17/2019,20,35,9,64
2/18/2019,25,28,13,66
2/19/2019,16,22,23,61
2/20/2019,21,23,9,53
2/21/2019,20,29,19,68
2/22/2019,17,28,12,57
2/23/2019,31,14,16,61
2/24/2019,22,15,17,54
2/25/2019,24,23,19,66
2/26/2019,29,32,17,78
2/27/2019,18,18,19,55
2/28/2019,20,25,18,63
3/1/2019,21,15,16,52
3/2/2019,19,35,16,70
3/3/2019,16,32,15,63
3/4/2019,21,26,18,65
3/5/2019,20,24,28,72
3/6/2019,16,24,12,52
3/7/2019,18,36,17,71
3/8/2019,16,21,15,52
3/9/2019,18,22,12,52
3/10/2019,11,25,6,42
3/11/2019,21,24,20,65
3/12/2019,16,33,13,62
3/13/2019,18,37,20,75
3/14/2019,23,22,19,64
3/15/2019,18,18,18,54
3/16/2019,25,25,12,62
3/17/2019,22,25,9,56
3/18/2019,15,31,18,64
3/19/2019,24,27,13,64
3/20/2019,26,31,12,69
3/21/2019,17,34,14,65
3/22/2019,20,12,18,50
3/23/2019,18,23,10,51
3/24/2019,22,40,22,84
3/25/2019,16,23,15,54
3/26/2019,14,25,18,57
3/27/2019,25,28,13,66
3/28/2019,13,35,24,72
3/29/2019,15,38,6,59
3/30/2019,15,36,24,75
3/31/2019,24,28,23,75
4/1/2019,20,17,14,51
4/2/2019,11,35,16,62
4/3/2019,20,30,16,66
4/4/2019,14,16,23,53
4/5/2019,19,17,22,58
4/6/2019,27,11,12,50
4/7/2019,27,12,12,51
4/8/2019,13,17,17,47
4/9/2019,17,7,13,37
4/10/2019,18,24,18,60
4/11/2019,15,28,22,65
4/12/2019,28,37,21,86
4/13/2019,12,14,19,45
4/14/2019,16,35,15,66
4/15/2019,18,34,20,72
4/16/2019,12,7,8,27
4/17/2019,19,16,24,59
4/18/2019,14,28,17,59
4/19/2019,20,28,21,69
4/20/2019,25,13,24,62
4/21/2019,25,33,20,78
4/22/2019,19,28,20,67
4/23/2019,17,37,14,68
4/24/2019,29,36,18,83
4/25/2019,14,30,16,60
4/26/2019,16,32,20,68
4/27/2019,20,26,12,58
4/28/2019,20,18,16,54
4/29/2019,23,25,19,67
4/30/2019,19,8,16,43
5/1/2019,16,29,19,64
5/2/2019,23,27,20,70
5/3/2019,17,46,8,71
5/4/2019,25,29,16,70
5/5/2019,20,30,15,65
5/6/2019,26,24,19,69
5/7/2019,29,20,11,60
5/8/2019,27,24,16,67
5/9/2019,16,33,17,66
5/10/2019,28,24,15,67
5/11/2019,20,26,18,64
5/12/2019,25,23,21,69
5/13/2019,17,32,17,66
5/14/2019,24,34,11,69
5/15/2019,25,24,25,74
5/16/2019,16,31,20,67
5/17/2019,13,27,7,47
5/18/2019,23,19,24,66
5/19/2019,18,28,16,62
5/20/2019,9,22,8,39
5/21/2019,13,38,10,61
5/22/2019,20,22,21,63
5/23/2019,15,24,14,53
5/24/2019,9,35,16,60
5/25/2019,32,36,11,79
5/26/2019,14,31,16,61
5/27/2019,21,31,11,63
5/28/2019,20,24,10,54
5/29/2019,22,27,24,73
5/30/2019,14,33,18,65
5/31/2019,12,41,12,65
6/1/2019,11,27,25,63
6/2/2019,27,24,21,72
6/3/2019,23,18,20,61
6/4/2019,17,35,22,74
6/5/2019,19,24,11,54
6/6/2019,11,33,8,52
6/7/2019,19,33,12,64
6/8/2019,23,21,21,65
6/9/2019,24,19,15,58
6/10/2019,20,11,22,53
6/11/2019,18,26,21,65
6/12/2019,26,16,19,61
6/13/2019,20,21,13,54
6/14/2019,21,22,12,55
6/15/2019,15,23,14,52
6/16/2019,18,20,17,55
6/17/2019,19,23,16,58
6/18/2019,26,26,17,69
6/19/2019,11,30,20,61
6/20/2019,22,15,15,52
6/21/2019,21,45,12,78
6/22/2019,19,23,26,68
6/23/2019,27,31,18,76
6/24/2019,9,20,7,36
6/25/2019,25,37,12,74
6/26/2019,28,30,15,73
6/27/2019,25,21,13,59
6/28/2019,11,39,22,72
6/29/2019,13,31,14,58
6/30/2019,23,32,10,65
7/1/2019,11,22,19,52
7/2/2019,29,17,18,64
7/3/2019,23,31,19,73
7/4/2019,24,29,22,75
7/5/2019,17,17,19,53
7/6/2019,28,10,11,49
7/7/2019,19,28,11,58
7/8/2019,19,32,17,68
7/9/2019,14,37,22,73
7/10/2019,9,25,24,58
7/11/2019,23,33,20,76
7/12/2019,21,28,20,69
7/13/2019,18,28,13,59
7/14/2019,23,37,20,80
7/15/2019,21,21,20,62
7/16/2019,15,39,11,65
7/17/2019,25,33,18,76
7/18/2019,22,43,19,84
7/19/2019,27,43,6,76
7/20/2019,15,20,23,58
7/21/2019,12,23,10,45
7/22/2019,18,29,19,66
7/23/2019,13,21,16,50
7/24/2019,12,17,19,48
7/25/2019,15,21,14,50
7/26/2019,23,34,7,64
7/27/2019,18,22,13,53
7/28/2019,18,29,20,67
7/29/2019,18,32,13,63
7/30/2019,19,32,15,66
7/31/2019,15,32,12,59
8/1/2019,22,14,14,50
8/2/2019,25,30,23,78
8/3/2019,15,22,11,48
8/4/2019,28,31,24,83
8/5/2019,15,17,4,36
8/6/2019,21,28,8,57
8/7/2019,23,22,20,65
8/8/2019,28,29,25,82
8/9/2019,23,16,22,61
8/10/2019,17,23,12,52
8/11/2019,19,32,15,66
8/12/2019,18,25,16,59
8/13/2019,28,22,13,63
8/14/2019,25,44,19,88
8/15/2019,16,32,18,66
8/16/2019,16,24,9,49
8/17/2019,26,31,14,71
8/18/2019,17,26,22,65
8/19/2019,17,32,14,63
8/20/2019,22,35,10,67
8/21/2019,12,33,7,52
8/22/2019,18,18,13,49
8/23/2019,20,28,10,58
8/24/2019,16,31,21,68
8/25/2019,14,31,26,71
8/26/2019,21,12,16,49
8/27/2019,20,11,18,49
8/28/2019,24,32,16,72
8/29/2019,18,22,17,57
8/30/2019,13,36,15,64
8/31/2019,28,16,20,64
9/1/2019,10,26,23,59
9/2/2019,31,21,17,69
9/3/2019,13,26,20,59
9/4/2019,19,13,7,39
9/5/2019,16,19,9,44
9/6/2019,24,28,11,63
9/7/2019,26,34,17,77
9/8/2019,24,14,19,57
9/9/2019,14,28,17,59
9/10/2019,23,41,20,84
9/11/2019,22,33,14,69
9/12/2019,30,23,18,71
9/13/2019,11,27,20,58
9/14/2019,26,29,23,78
9/15/2019,18,23,22,63
9/16/2019,22,21,28,71
9/17/2019,19,35,22,76
9/18/2019,17,29,11,57
9/19/2019,20,19,7,46
9/20/2019,21,27,21,69
9/21/2019,22,18,12,52
9/22/2019,17,30,6,53
9/23/2019,23,31,16,70
9/24/2019,9,32,23,64
9/25/2019,11,16,11,38
9/26/2019,20,17,9,46
9/27/2019,23,18,9,50
9/28/2019,24,19,21,64
9/29/2019,27,24,11,62
9/30/2019,26,21,15,62
10/1/2019,19,34,25,78
10/2/2019,23,19,15,57
10/3/2019,14,22,18,54
10/4/2019,17,8,22,47
10/5/2019,24,27,15,66
10/6/2019,21,22,15,58
10/7/2019,30,24,14,68
10/8/2019,13,31,16,60
10/9/2019,24,37,16,77
10/10/2019,22,16,17,55
10/11/2019,7,30,21,58
10/12/2019,19,40,9,68
10/13/2019,14,20,15,49
10/14/2019,19,33,20,72
10/15/2019,12,37,24,73
10/16/2019,18,28,22,68
10/17/2019,16,32,26,74
10/18/2019,25,21,13,59
10/19/2019,29,31,27,87
10/20/2019,10,35,16,61
10/21/2019,19,31,16,66
10/22/2019,28,22,19,69
10/23/2019,24,39,19,82
10/24/2019,19,9,11,39
10/25/2019,29,11,16,56
10/26/2019,20,28,16,64
10/27/2019,26,23,22,71
10/28/2019,18,13,16,47
10/29/2019,16,28,21,65
10/30/2019,14,28,21,63
10/31/2019,12,27,28,67
11/1/2019,17,18,12,47
11/2/2019,18,31,19,68
11/3/2019,14,23,24,61
11/4/2019,20,16,17,53
11/5/2019,20,17,19,56
11/6/2019,16,13,19,48
11/7/2019,16,46,23,85
11/8/2019,22,23,23,68
11/9/2019,21,25,13,59
11/10/2019,24,22,26,72
11/11/2019,23,27,23,73
11/12/2019,22,27,14,63
11/13/2019,22,26,18,66
11/14/2019,17,27,15,59
11/15/2019,26,22,9,57
11/16/2019,10,28,10,48
11/17/2019,13,15,28,56
11/18/2019,16,37,21,74
11/19/2019,14,15,17,46
11/20/2019,26,19,13,58
11/21/2019,11,23,16,50
11/22/2019,30,27,13,70
11/23/2019,18,40,11,69
11/24/2019,20,27,7,54
11/25/2019,23,31,14,68
11/26/2019,16,27,15,58
11/27/2019,23,16,13,52
11/28/2019,17,21,14,52
11/29/2019,15,16,27,58
11/30/2019,15,32,17,64
12/1/2019,24,27,17,68
12/2/2019,10,32,20,62
12/3/2019,26,14,11,51
12/4/2019,24,46,19,89
12/5/2019,22,41,19,82
12/6/2019,12,24,5,41
12/7/2019,18,35,11,64
12/8/2019,29,21,17,67
12/9/2019,17,31,6,54
12/10/2019,14,20,10,44
12/11/2019,16,35,19,70
12/12/2019,23,24,23,70
12/13/2019,13,24,13,50
12/14/2019,19,36,11,66
12/15/2019,25,27,15,67
12/16/2019,22,27,23,72
12/17/2019,22,21,12,55
12/18/2019,28,28,22,78
12/19/2019,24,32,11,67
12/20/2019,18,33,16,67
12/21/2019,19,26,13,58
12/22/2019,16,17,9,42
12/23/2019,19,25,21,65
12/24/2019,20,38,12,70
12/25/2019,24,28,23,75
12/26/2019,18,36,18,72
12/27/2019,30,12,22,64
12/28/2019,17,20,14,51
12/29/2019,14,26,16,56
12/30/2019,27,42,14,83
12/31/2019,26,40,22,88
1/1/2020,20,18,6,44
1/2/2020,23,26,18,67
1/3/2020,29,35,12,76
1/4/2020,21,19,23,63
1/5/2020,25,9,8,42
1/6/2020,24,33,20,77
1/7/2020,23,41,25,89
1/8/2020,16,21,14,51
1/9/2020,13,28,22,63
1/10/2020,23,30,24,77
1/11/2020,20,35,14,69
1/12/2020,17,32,8,57
1/13/2020,17,28,19,64
1/14/2020,29,24,22,75
1/15/2020,17,29,13,59
1/16/2020,19,38,13,70
1/17/2020,19,31,17,67
1/18/2020,25,20,16,61
1/19/2020,20,19,13,52
1/20/2020,10,25,19,54
1/21/2020,19,16,12,47
1/22/2020,31,24,17,72
1/23/2020,30,30,11,71
1/24/2020,11,32,12,55
1/25/2020,20,20,20,60
1/26/2020,12,15,18,45
1/27/2020,25,16,9,50
1/28/2020,17,28,22,67
1/29/2020,19,24,8,51
1/30/2020,19,40,14,73
1/31/2020,26,41,13,80
2/1/2020,24,32,12,68
2/2/2020,20,13,22,55
2/3/2020,20,21,13,54
2/4/2020,30,35,12,77
2/5/2020,18,36,25,79
2/6/2020,23,30,8,61
2/7/2020,18,32,21,71
2/8/2020,22,19,22,63
2/9/2020,26,24,21,71
2/10/2020,23,35,13,71
2/11/2020,25,13,12,50
2/12/2020,27,30,19,76
2/13/2020,21,23,20,64
2/14/2020,17,38,11,66
2/15/2020,22,19,22,63
2/16/2020,15,16,23,54
2/17/2020,25,24,24,73
2/18/2020,25,32,19,76
2/19/2020,21,23,16,60
2/20/2020,18,20,24,62
2/21/2020,23,32,18,73
2/22/2020,23,30,12,65
2/23/2020,27,27,13,67
2/24/2020,19,16,19,54
2/25/2020,19,36,12,67
2/26/2020,28,30,23,81
2/27/2020,18,38,16,72
2/28/2020,16,28,17,61
2/29/2020,19,21,24,64
3/1/2020,30,24,26,80
3/2/2020,31,44,19,94
3/3/2020,30,36,28,94
3/4/2020,28,30,33,91
3/5/2020,22,32,16,70
3/6/2020,20,25,26,71
3/7/2020,21,24,7,52
3/8/2020,23,42,28,93
3/9/2020,34,28,33,95
3/10/2020,26,30,12,68
3/11/2020,34,28,22,84
3/12/2020,30,39,25,94
3/13/2020,21,35,14,70
3/14/2020,33,25,31,89
3/15/2020,24,32,15,71
3/16/2020,20,34,24,78
3/17/2020,28,27,22,77
3/18/2020,24,47,23,94
3/19/2020,17,22,22,61
3/20/2020,33,28,29,90
3/21/2020,25,30,17,72
3/22/2020,34,27,25,86
3/23/2020,28,42,21,91
3/24/2020,38,42,17,97
3/25/2020,35,14,25,74
3/26/2020,28,28,23,79
3/27/2020,24,21,31,76
3/28/2020,32,34,16,82
3/29/2020,28,43,16,87
3/30/2020,16,34,13,63
3/31/2020,27,41,14,82
4/1/2020,37,45,33,115
4/2/2020,51,26,22,99
4/3/2020,46,44,30,120
4/4/2020,34,25,34,93
4/5/2020,45,39,35,119
4/6/2020,35,21,52,108
4/7/2020,33,27,23,83
4/8/2020,40,37,34,111
4/9/2020,44,40,31,115
4/10/2020,43,37,24,104
4/11/2020,42,40,28,110
4/12/2020,29,26,31,86
4/13/2020,41,40,41,122
4/14/2020,37,35,38,110
4/15/2020,42,48,36,126
4/16/2020,35,20,39,94
4/17/2020,25,32,30,87
4/18/2020,39,37,33,109
4/19/2020,35,25,38,98
4/20/2020,49,34,36,119
4/21/2020,32,20,32,84
4/22/2020,40,28,42,110
4/23/2020,48,21,29,98
4/24/2020,36,25,40,101
4/25/2020,28,41,47,116
4/26/2020,32,16,31,79
4/27/2020,40,20,37,97
4/28/2020,36,43,38,117
4/29/2020,39,24,32,95
4/30/2020,33,38,39,110
5/1/2020,34,65,33,132
5/2/2020,43,55,50,148
5/3/2020,45,86,38,169
5/4/2020,43,80,43,166
5/5/2020,29,48,25,102
5/6/2020,29,60,30,119
5/7/2020,44,56,38,138
5/8/2020,46,69,29,144
5/9/2020,46,66,46,158
5/10/2020,34,63,43,140
5/11/2020,37,57,24,118
5/12/2020,32,69,40,141
5/13/2020,38,52,42,132
5/14/2020,43,59,33,135
5/15/2020,31,83,25,139
5/16/2020,23,80,40,143
5/17/2020,42,60,39,141
5/18/2020,49,74,28,151
5/19/2020,31,74,35,140
5/20/2020,41,79,24,144
5/21/2020,43,64,28,135
5/22/2020,37,86,41,164
5/23/2020,26,77,37,140
5/24/2020,45,90,34,169
5/25/2020,44,47,23,114
5/26/2020,28,71,38,137
5/27/2020,31,47,41,119
5/28/2020,26,83,35,144
5/29/2020,35,58,43,136
5/30/2020,41,57,45,143
5/31/2020,38,52,28,118
6/1/2020,43,77,52,172
6/2/2020,64,86,47,197
6/3/2020,51,55,72,178
6/4/2020,72,75,41,188
6/5/2020,57,63,45,165
6/6/2020,65,68,57,190
6/7/2020,66,52,44,162
6/8/2020,72,44,64,180
6/9/2020,55,88,48,191
6/10/2020,40,65,48,153
6/11/2020,65,70,57,192
6/12/2020,57,78,65,200
6/13/2020,60,52,75,187
6/14/2020,64,72,55,191
6/15/2020,61,36,69,166
6/16/2020,75,68,37,180
6/17/2020,62,62,67,191
6/18/2020,70,58,71,199
6/19/2020,56,78,46,180
6/20/2020,65,79,50,194
6/21/2020,54,58,64,176
6/22/2020,69,83,51,203
6/23/2020,43,45,50,138
6/24/2020,74,65,53,192
6/25/2020,52,84,68,204
6/26/2020,50,62,54,166
6/27/2020,59,54,54,167
6/28/2020,51,77,49,177
6/29/2020,48,87,67,202
6/30/2020,35,83,60,178
7/1/2020,68,99,68,235
7/2/2020,61,109,70,240
7/3/2020,71,120,74,265
7/4/2020,63,106,74,243
7/5/2020,47,91,76,214
7/6/2020,47,104,75,226
7/7/2020,41,100,84,225
7/8/2020,62,83,72,217
7/9/2020,69,102,82,253
7/10/2020,45,101,66,212
7/11/2020,72,96,79,247
7/12/2020,57,93,68,218
7/13/2020,63,98,84,245
7/14/2020,59,92,69,220
7/15/2020,60,90,90,240
7/16/2020,42,98,71,211
7/17/2020,73,111,75,259
7/18/2020,73,93,83,249
7/19/2020,47,94,90,231
7/20/2020,40,104,57,201
7/21/2020,40,93,69,202
7/22/2020,44,114,63,221
7/23/2020,71,88,66,225
7/24/2020,69,93,78,240
7/25/2020,55,106,74,235
7/26/2020,66,93,93,252
7/27/2020,50,100,89,239
7/28/2020,64,88,92,244
7/29/2020,45,104,85,234
7/30/2020,64,78,80,222
7/31/2020,50,95,84,229
8/1/2020,65,91,91,247
8/2/2020,75,99,93,267
8/3/2020,73,76,89,238
8/4/2020,70,112,84,266
8/5/2020,61,87,75,223
8/6/2020,45,111,83,239
8/7/2020,54,84,84,222
8/8/2020,40,97,52,189
8/9/2020,54,91,84,229
8/10/2020,51,116,83,250
8/11/2020,48,100,73,221
8/12/2020,75,88,83,246
8/13/2020,39,90,89,218
8/14/2020,47,100,90,237
8/15/2020,71,96,64,231
8/16/2020,63,102,87,252
8/17/2020,63,78,81,222
8/18/2020,41,84,62,187
8/19/2020,55,91,80,226
8/20/2020,70,94,87,251
8/21/2020,50,95,85,230
8/22/2020,44,107,64,215
8/23/2020,67,107,70,244
8/24/2020,66,91,83,240
8/25/2020,48,105,69,222
8/26/2020,73,76,70,219
8/27/2020,75,85,84,244
8/28/2020,67,94,60,221
8/29/2020,53,110,87,250
8/30/2020,68,108,65,241
8/31/2020,52,117,88,257
9/1/2020,39,209,152,400
9/2/2020,65,222,164,451
9/3/2020,76,154,124,354
9/4/2020,73,270,140,483
9/5/2020,69,139,118,326
9/6/2020,64,246,195,505
9/7/2020,35,233,112,380
9/8/2020,48,260,176,484
9/9/2020,63,158,162,383
9/10/2020,58,204,152,414
9/11/2020,69,243,130,442
9/12/2020,47,243,195,485
9/13/2020,71,252,116,439
9/14/2020,63,266,155,484
9/15/2020,78,216,155,449
9/16/2020,62,170,122,354
9/17/2020,43,133,156,332
9/18/2020,65,184,125,374
9/19/2020,50,279,155,484
9/20/2020,61,262,182,505
9/21/2020,69,261,116,446
9/22/2020,75,146,157,378
9/23/2020,48,188,152,388
9/24/2020,66,148,121,335
9/25/2020,75,282,168,525
9/26/2020,73,274,147,494
9/27/2020,63,201,185,449
9/28/2020,75,290,137,502
9/29/2020,73,160,180,413
9/30/2020,45,192,161,398
10/1/2020,67,162,148,377
10/2/2020,56,280,108,444
10/3/2020,62,231,128,421
10/4/2020,45,171,168,384
10/5/2020,42,272,165,479
10/6/2020,50,214,103,367
10/7/2020,73,171,173,417
10/8/2020,70,138,163,371
10/9/2020,67,260,123,450
10/10/2020,42,204,137,383
10/11/2020,66,210,105,381
10/12/2020,73,268,198,539
10/13/2020,50,219,193,462
10/14/2020,71,205,152,428
10/15/2020,52,284,156,492
10/16/2020,51,211,169,431
10/17/2020,66,267,159,492
10/18/2020,59,155,117,331
10/19/2020,64,170,117,351
10/20/2020,39,129,129,297
10/21/2020,64,210,113,387
10/22/2020,67,253,128,448
10/23/2020,59,231,136,426
10/24/2020,72,193,155,420
10/25/2020,56,208,161,425
10/26/2020,58,275,169,502
10/27/2020,47,217,158,422
10/28/2020,71,241,162,474
10/29/2020,76,260,191,527
10/30/2020,60,166,130,356
10/31/2020,56,206,179,441
11/1/2020,139,134,120,393
11/2/2020,135,283,161,579
11/3/2020,145,164,125,434
11/4/2020,132,209,190,531
11/5/2020,145,150,169,464
11/6/2020,149,244,107,500
11/7/2020,151,239,149,539
11/8/2020,144,268,142,554
11/9/2020,153,260,156,569
11/10/2020,147,156,176,479
11/11/2020,155,273,135,563
11/12/2020,158,268,163,589
11/13/2020,155,196,193,544
11/14/2020,124,164,114,402
11/15/2020,158,237,135,530
11/16/2020,143,283,172,598
11/17/2020,157,238,192,587
11/18/2020,145,198,146,489
11/19/2020,145,179,181,505
11/20/2020,118,265,130,513
11/21/2020,126,223,158,507
11/22/2020,132,231,188,551
11/23/2020,145,234,129,508
11/24/2020,132,228,133,493
11/25/2020,140,270,165,575
11/26/2020,122,269,116,507
11/27/2020,135,267,182,584
11/28/2020,122,138,171,431
11/29/2020,129,236,141,506
11/30/2020,139,191,188,518
12/1/2020,128,145,162,435
12/2/2020,136,135,176,447
12/3/2020,144,135,169,448
12/4/2020,152,189,167,508
12/5/2020,140,243,137,520
12/6/2020,147,228,165,540
12/7/2020,149,170,172,491
12/8/2020,132,253,142,527
12/9/2020,151,172,125,448
12/10/2020,132,283,179,594
12/11/2020,114,184,115,413
12/12/2020,142,285,168,595
12/13/2020,124,281,136,541
12/14/2020,149,268,114,531
12/15/2020,152,194,114,460
12/16/2020,123,252,152,527
12/17/2020,156,152,167,475
12/18/2020,144,161,179,484
12/19/2020,153,213,148,514
12/20/2020,145,257,147,549
12/21/2020,147,257,125,529
12/22/2020,123,283,157,563
12/23/2020,130,150,172,452
12/24/2020,141,223,184,548
12/25/2020,135,257,120,512
12/26/2020,127,169,135,431
12/27/2020,143,281,115,539
12/28/2020,153,148,123,424
12/29/2020,163,196,189,548
12/30/2020,125,203,171,499
12/31/2020,136,158,184,478
1/1/2021,183,154,160,497
1/2/2021,175,193,131,499
1/3/2021,163,228,129,520
1/4/2021,174,246,136,556
1/5/2021,202,254,150,606
1/6/2021,174,210,116,500
1/7/2021,180,157,173,510
1/8/2021,190,243,138,571
1/9/2021,159,135,156,450
1/10/2021,149,225,144,518
1/11/2021,193,149,130,472
1/12/2021,174,246,162,582
1/13/2021,167,260,124,551
1/14/2021,181,201,179,561
1/15/2021,189,242,156,587
1/16/2021,177,287,124,588
1/17/2021,187,193,126,506
1/18/2021,159,131,119,409
1/19/2021,178,253,119,550
1/20/2021,169,210,129,508
1/21/2021,147,242,116,505
1/22/2021,203,172,190,565
1/23/2021,197,237,115,549
1/24/2021,203,184,163,550
1/25/2021,205,261,118,584
1/26/2021,208,279,167,654
1/27/2021,210,200,139,549
1/28/2021,180,199,125,504
1/29/2021,192,277,152,621
1/30/2021,212,257,169,638
1/31/2021,212,143,167,522
2/1/2021,195,240,157,592
2/2/2021,188,271,165,624
2/3/2021,171,171,168,510
2/4/2021,163,158,149,470
2/5/2021,204,147,166,517
2/6/2021,200,209,128,537
2/7/2021,149,138,186,473
2/8/2021,163,238,133,534
2/9/2021,148,156,156,460
2/10/2021,207,256,106,569
2/11/2021,203,191,133,527
2/12/2021,172,203,122,497
2/13/2021,173,130,143,446
2/14/2021,179,241,189,609
2/15/2021,211,146,193,550
2/16/2021,186,189,165,540
2/17/2021,157,273,125,555
2/18/2021,153,128,187,468
2/19/2021,171,217,187,575
2/20/2021,174,264,110,548
2/21/2021,169,173,183,525
2/22/2021,187,217,165,569
2/23/2021,218,270,136,624
2/24/2021,178,219,164,561
2/25/2021,192,171,136,499
2/26/2021,188,154,136,478
2/27/2021,157,261,170,588
2/28/2021,182,209,111,502
3/1/2021,181,163,148,492
3/2/2021,164,159,186,509
3/3/2021,167,172,182,521
3/4/2021,199,274,167,640
3/5/2021,200,152,150,502
3/6/2021,150,247,171,568
3/7/2021,188,256,120,564
3/8/2021,201,157,118,476
3/9/2021,179,167,139,485
3/10/2021,200,170,188,558
3/11/2021,157,180,130,467
3/12/2021,202,164,168,534
3/13/2021,185,269,189,643
3/14/2021,172,202,131,505
3/15/2021,186,213,132,531
3/16/2021,199,185,174,558
3/17/2021,217,165,130,512
3/18/2021,151,170,180,501
3/19/2021,217,229,187,633
3/20/2021,185,175,145,505
3/21/2021,155,193,196,544
3/22/2021,201,269,139,609
3/23/2021,182,128,154,464
3/24/2021,221,138,170,529
3/25/2021,167,177,162,506
3/26/2021,213,248,152,613
3/27/2021,203,193,106,502
3/28/2021,219,159,158,536
3/29/2021,206,200,161,567
3/30/2021,193,253,178,624
3/31/2021,211,210,118,539
4/1/2021,159,268,152,579
4/2/2021,145,169,124,438
4/3/2021,176,249,119,544
4/4/2021,178,125,111,414
4/5/2021,187,244,107,538
4/6/2021,190,205,142,537
4/7/2021,194,153,144,491
4/8/2021,156,189,140,485
4/9/2021,208,248,155,611
4/10/2021,200,201,105,506
4/11/2021,182,154,180,516
4/12/2021,182,251,151,584
4/13/2021,193,251,135,579
4/14/2021,199,269,174,642
4/15/2021,194,184,171,549
4/16/2021,179,168,144,491
4/17/2021,210,204,191,605
4/18/2021,170,256,187,613
4/19/2021,210,136,183,529
4/20/2021,154,271,152,577
4/21/2021,162,181,176,519
4/22/2021,220,191,177,588
4/23/2021,190,238,120,548
4/24/2021,192,232,161,585
4/25/2021,154,233,184,571
4/26/2021,153,221,154,528
4/27/2021,206,150,170,526
4/28/2021,185,181,171,537
4/29/2021,170,132,143,445
4/30/2021,178,143,183,504
5/1/2021,184,235,187,606
5/2/2021,168,264,163,595
5/3/2021,200,128,151,479
5/4/2021,213,237,190,640
5/5/2021,191,262,163,616
5/6/2021,185,171,115,471
5/7/2021,188,266,136,590
5/8/2021,202,132,138,472
5/9/2021,210,228,119,557
5/10/2021,177,250,187,614
5/11/2021,199,257,181,637
5/12/2021,170,231,138,539
5/13/2021,168,138,156,462
5/14/2021,193,249,186,628
5/15/2021,168,139,153,460
5/16/2021,176,132,156,464
5/17/2021,173,215,134,522
5/18/2021,209,211,185,605
5/19/2021,165,272,125,562
5/20/2021,186,228,125,539
5/21/2021,174,232,178,584
5/22/2021,213,132,188,533
5/23/2021,212,183,146,541
5/24/2021,162,268,114,544
5/25/2021,219,276,160,655
5/26/2021,163,229,186,578
5/27/2021,199,187,154,540
5/28/2021,156,287,179,622
5/29/2021,213,149,149,511
5/30/2021,200,219,157,576
5/31/2021,182,176,126,484
6/1/2021,154,136,168,458
6/2/2021,168,139,158,465
6/3/2021,174,137,167,478
6/4/2021,216,169,131,516
6/5/2021,160,138,142,440
6/6/2021,157,164,182,503
6/7/2021,164,175,176,515
6/8/2021,149,251,129,529
6/9/2021,183,203,134,520
6/10/2021,154,215,177,546
6/11/2021,178,228,133,539
6/12/2021,221,143,176,540
6/13/2021,195,259,116,570
6/14/2021,180,146,111,437
6/15/2021,160,215,161,536
6/16/2021,174,256,140,570
6/17/2021,180,265,164,609
6/18/2021,155,264,122,541
6/19/2021,208,261,121,590
6/20/2021,171,201,158,530
6/21/2021,189,277,112,578
6/22/2021,149,257,122,528
6/23/2021,179,155,112,446
6/24/2021,193,118,138,449
6/25/2021,218,144,169,531
6/26/2021,219,205,191,615
6/27/2021,152,184,139,475
6/28/2021,157,187,123,467
6/29/2021,209,145,146,500
6/30/2021,176,279,141,596
7/1/2021,206,197,140,543
7/2/2021,148,215,115,478
7/3/2021,187,164,130,481
7/4/2021,209,217,172,598
7/5/2021,215,245,192,652
7/6/2021,183,133,150,466
7/7/2021,173,185,168,526
7/8/2021,168,231,142,541
7/9/2021,185,168,134,487
7/10/2021,164,166,117,447
7/11/2021,191,140,159,490
7/12/2021,171,224,164,559
7/13/2021,202,237,140,579
7/14/2021,205,213,189,607
7/15/2021,219,180,124,523
7/16/2021,161,186,187,534
7/17/2021,210,188,158,556
7/18/2021,196,279,130,605
7/19/2021,210,241,135,586
7/20/2021,172,137,166,475
7/21/2021,215,168,142,525
7/22/2021,205,168,171,544
7/23/2021,175,170,122,467
7/24/2021,196,268,123,587
7/25/2021,209,197,120,526
7/26/2021,215,231,193,639
7/27/2021,220,231,141,592
7/28/2021,179,276,162,617
7/29/2021,195,198,143,536
7/30/2021,182,232,117,531
7/31/2021,167,142,142,451
8/1/2021,180,284,142,606
8/2/2021,180,179,159,518
8/3/2021,198,240,159,597
8/4/2021,214,209,193,616
8/5/2021,178,238,158,574
8/6/2021,178,288,184,650
8/7/2021,165,216,185,566
8/8/2021,193,245,186,624
8/9/2021,183,150,158,491
8/10/2021,205,174,158,537
8/11/2021,192,196,152,540
8/12/2021,158,200,120,478
8/13/2021,186,144,122,452
8/14/2021,181,241,126,548
8/15/2021,190,129,161,480
8/16/2021,192,256,188,636
8/17/2021,187,171,106,464
8/18/2021,154,265,145,564
8/19/2021,168,223,169,560
8/20/2021,140,129,189,458
8/21/2021,172,273,177,622
8/22/2021,174,159,189,522
8/23/2021,157,219,175,551
8/24/2021,166,137,190,493
8/25/2021,161,150,148,459
8/26/2021,188,164,158,510
8/27/2021,202,250,147,599
8/28/2021,186,273,149,608
8/29/2021,155,226,158,539
8/30/2021,210,242,153,605
8/31/2021,204,186,134,524
9/1/2021,165,129,132,426
9/2/2021,157,131,169,457
9/3/2021,213,242,165,620
9/4/2021,190,266,178,634
9/5/2021,146,245,129,520
9/6/2021,145,183,141,469
9/7/2021,176,136,119,431
9/8/2021,190,209,140,539
9/9/2021,183,278,174,635
9/10/2021,194,154,132,480
9/11/2021,179,220,171,570
9/12/2021,162,135,130,427
9/13/2021,191,167,142,500
9/14/2021,173,210,138,521
9/15/2021,172,173,142,487
9/16/2021,220,198,112,530
9/17/2021,209,139,132,480
9/18/2021,161,271,184,616
9/19/2021,160,193,151,504
9/20/2021,197,269,192,658
9/21/2021,205,157,162,524
9/22/2021,156,214,124,494
9/23/2021,196,210,179,585
9/24/2021,174,179,149,502
9/25/2021,203,274,105,582
9/26/2021,207,210,175,592
9/27/2021,221,175,136,532
9/28/2021,172,165,159,496
9/29/2021,195,190,174,559
9/30/2021,172,194,180,546
10/1/2021,217,121,132,470
10/2/2021,148,172,145,465
10/3/2021,187,174,154,515
10/4/2021,216,226,186,628
10/5/2021,193,165,154,512
10/6/2021,200,191,177,568
10/7/2021,184,267,174,625
10/8/2021,178,242,175,595
10/9/2021,180,184,190,554
10/10/2021,205,163,150,518
10/11/2021,167,172,161,500
10/12/2021,205,243,198,646
10/13/2021,154,137,179,470
10/14/2021,198,177,121,496
10/15/2021,161,249,184,594
10/16/2021,219,170,137,526
10/17/2021,196,230,114,540
10/18/2021,211,207,142,560
10/19/2021,167,260,179,606
10/20/2021,212,236,166,614
10/21/2021,173,172,142,487
10/22/2021,176,226,135,537
10/23/2021,186,136,155,477
10/24/2021,207,231,137,575
10/25/2021,153,271,106,530
10/26/2021,198,133,194,525
10/27/2021,184,222,163,569
10/28/2021,191,260,164,615
10/29/2021,166,162,157,485
10/30/2021,196,138,127,461
10/31/2021,168,253,197,618
11/1/2021,214,187,153,554
11/2/2021,219,251,169,639
11/3/2021,202,250,113,565
11/4/2021,194,150,183,527
11/5/2021,215,198,145,558
11/6/2021,158,278,114,550
11/7/2021,210,214,139,563
11/8/2021,181,211,147,539
11/9/2021,197,241,140,578
11/10/2021,180,195,156,531
11/11/2021,184,148,198,530
11/12/2021,159,254,151,564
11/13/2021,199,153,144,496
11/14/2021,160,233,190,583
11/15/2021,175,135,161,471
11/16/2021,155,185,157,497
11/17/2021,195,272,120,587
11/18/2021,177,251,171,599
11/19/2021,205,210,133,548
11/20/2021,156,169,194,519
11/21/2021,168,175,174,517
11/22/2021,167,198,143,508
11/23/2021,179,178,144,501
11/24/2021,175,135,154,464
11/25/2021,155,159,138,452
11/26/2021,181,247,123,551
11/27/2021,221,253,159,633
11/28/2021,169,168,157,494
11/29/2021,213,221,163,597
11/30/2021,199,162,158,519
12/1/2021,177,202,140,519
12/2/2021,217,263,116,596
12/3/2021,205,208,184,597
12/4/2021,187,238,132,557
12/5/2021,167,257,114,538
12/6/2021,193,206,136,535
12/7/2021,196,259,198,653
12/8/2021,180,159,198,537
12/9/2021,198,202,130,530
12/10/2021,186,152,159,497
12/11/2021,176,210,162,548
12/12/2021,218,227,141,586
12/13/2021,185,200,164,549
12/14/2021,161,248,152,561
12/15/2021,190,211,158,559
12/16/2021,212,225,178,615
12/17/2021,210,247,186,643
12/18/2021,159,244,195,598
12/19/2021,207,240,133,580
12/20/2021,183,267,126,576
12/21/2021,167,208,110,485
12/22/2021,204,216,113,533
12/23/2021,179,137,113,429
12/24/2021,208,158,140,506
12/25/2021,195,240,179,614
12/26/2021,159,183,181,523
12/27/2021,154,120,131,405
12/28/2021,168,172,147,487
12/29/2021,150,264,118,532
12/30/2021,180,159,120,459
12/31/2021,213,209,180,602
1/1/2022,206,141,132,479
1/2/2022,180,212,162,554
1/3/2022,162,245,171,578
1/4/2022,213,258,169,640
1/5/2022,215,257,123,595
1/6/2022,161,197,112,470
1/7/2022,188,264,181,633
1/8/2022,214,275,198,687
1/9/2022,179,151,149,479
1/10/2022,197,131,179,507
1/11/2022,201,255,152,608
1/12/2022,174,262,193,629
1/13/2022,203,189,135,527
1/14/2022,161,214,186,561
1/15/2022,197,211,133,541
1/16/2022,217,206,173,596
1/17/2022,204,220,113,537
1/18/2022,174,228,120,522
1/19/2022,187,262,138,587
1/20/2022,180,142,184,506
1/21/2022,223,256,177,656
1/22/2022,216,136,158,510
1/23/2022,220,204,156,580
1/24/2022,190,242,171,603
1/25/2022,149,194,171,514
1/26/2022,194,176,166,536
1/27/2022,205,162,188,555
1/28/2022,155,227,134,516
1/29/2022,215,166,117,498
1/30/2022,195,185,121,501
1/31/2022,153,185,177,515
2/1/2022,209,166,160,535
2/2/2022,202,264,143,609
2/3/2022,178,272,176,626
2/4/2022,177,279,155,611
2/5/2022,170,128,108,406
2/6/2022,205,200,121,526
2/7/2022,208,210,176,594
2/8/2022,209,263,149,621
2/9/2022,148,208,143,499
2/10/2022,167,142,194,503
2/11/2022,222,260,108,590
2/12/2022,165,215,127,507
2/13/2022,155,188,136,479
2/14/2022,209,222,126,557
2/15/2022,155,228,133,516
2/16/2022,177,184,173,534
2/17/2022,153,239,151,543
2/18/2022,219,207,129,555
2/19/2022,214,165,154,533
2/20/2022,152,245,177,574
2/21/2022,161,246,169,576
2/22/2022,211,204,118,533
2/23/2022,157,244,178,579
2/24/2022,176,155,177,508
2/25/2022,163,168,122,453
2/26/2022,215,126,151,492
2/27/2022,161,138,142,441
2/28/2022,224,220,189,633
3/1/2022,181,245,123,549
3/2/2022,190,182,174,546
3/3/2022,189,256,149,594
3/4/2022,155,167,124,446
3/5/2022,168,221,184,573
3/6/2022,200,235,106,541
3/7/2022,161,235,187,583
3/8/2022,153,230,151,534
3/9/2022,193,195,157,545
3/10/2022,181,213,191,585
3/11/2022,198,258,144,600
3/12/2022,173,185,179,537
3/13/2022,205,275,119,599
3/14/2022,218,179,180,577
3/15/2022,229,146,175,550
3/16/2022,204,143,178,525
3/17/2022,150,277,130,557
3/18/2022,173,236,155,564
3/19/2022,208,242,150,600
3/20/2022,171,235,169,575
3/21/2022,219,262,112,593
3/22/2022,215,222,114,551
3/23/2022,189,155,150,494
3/24/2022,180,203,136,519
3/25/2022,222,211,136,569
3/26/2022,178,182,134,494
3/27/2022,177,197,161,535
3/28/2022,221,203,136,560
3/29/2022,156,268,161,585
3/30/2022,215,173,155,543
3/31/2022,177,165,107,449
4/1/2022,162,175,149,486
4/2/2022,217,151,190,558
4/3/2022,183,264,130,577
4/4/2022,165,138,160,463
4/5/2022,213,191,160,564
4/6/2022,189,230,128,547
4/7/2022,205,245,185,635
4/8/2022,167,260,130,557
4/9/2022,176,241,129,546
4/10/2022,154,271,156,581
4/11/2022,225,237,147,609
4/12/2022,181,221,125,527
4/13/2022,152,133,181,466
4/14/2022,200,253,192,645
4/15/2022,149,279,168,596
4/16/2022,188,197,138,523
4/17/2022,203,212,191,606
4/18/2022,180,217,135,532
4/19/2022,152,135,160,447
4/20/2022,190,230,172,592
4/21/2022,171,199,145,515
4/22/2022,184,203,177,564
4/23/2022,158,283,125,566
4/24/2022,198,158,129,485
4/25/2022,199,199,130,528
4/26/2022,201,162,139,502
4/27/2022,187,266,157,610
4/28/2022,207,256,190,653
4/29/2022,201,253,176,630
4/30/2022,188,242,136,566
5/1/2022,198,137,112,447
5/2/2022,182,249,180,611
5/3/2022,205,250,128,583
5/4/2022,206,210,119,535
5/5/2022,215,274,150,639
5/6/2022,213,258,112,583
5/7/2022,195,253,116,564
5/8/2022,198,175,181,554
5/9/2022,199,225,179,603
5/10/2022,167,159,113,439
5/11/2022,189,202,123,514
5/12/2022,163,213,180,556
5/13/2022,187,204,126,517
5/14/2022,151,224,181,556
5/15/2022,172,210,172,554
5/16/2022,200,142,177,519
5/17/2022,161,245,144,550
5/18/2022,185,141,154,480
5/19/2022,204,192,136,532
5/20/2022,147,287,184,618
5/21/2022,209,238,139,586
5/22/2022,165,212,121,498
5/23/2022,160,133,160,453
5/24/2022,149,234,179,562
5/25/2022,168,175,156,499
5/26/2022,194,234,159,587
5/27/2022,204,197,133,534
5/28/2022,181,196,166,543
5/29/2022,190,256,168,614
5/30/2022,200,260,182,642
5/31/2022,191,122,150,463
6/1/2022,199,179,173,551
6/2/2022,190,147,185,522
6/3/2022,186,276,115,577
6/4/2022,208,274,194,676
6/5/2022,218,269,136,623
6/6/2022,167,233,185,585
6/7/2022,203,188,185,576
6/8/2022,171,290,128,589
6/9/2022,176,270,154,600
6/10/2022,154,138,153,445
6/11/2022,200,269,186,655
6/12/2022,161,188,181,530
6/13/2022,150,281,122,553
6/14/2022,165,183,128,476
6/15/2022,210,211,173,594
6/16/2022,164,227,120,511
6/17/2022,204,198,195,597
6/18/2022,147,276,137,560
6/19/2022,167,149,173,489
6/20/2022,170,179,170,519
6/21/2022,183,215,143,541
6/22/2022,152,132,192,476
6/23/2022,211,132,181,524
6/24/2022,177,282,176,635
6/25/2022,192,191,107,490
6/26/2022,187,140,160,487
6/27/2022,208,225,171,604
6/28/2022,213,277,127,617
6/29/2022,207,196,151,554
6/30/2022,183,270,122,575
7/1/2022,163,254,154,571
7/2/2022,223,156,182,561
7/3/2022,209,223,145,577
7/4/2022,191,235,182,608
7/5/2022,185,255,134,574
7/6/2022,188,180,141,509
7/7/2022,154,125,112,391
7/8/2022,214,284,131,629
7/9/2022,200,198,165,563
7/10/2022,217,206,198,621
7/11/2022,180,196,179,555
7/12/2022,194,225,180,599
7/13/2022,155,269,119,543
7/14/2022,202,233,120,555
7/15/2022,219,175,175,569
7/16/2022,169,203,185,557
7/17/2022,172,264,144,580
7/18/2022,169,197,186,552
7/19/2022,149,235,146,530
7/20/2022,167,183,118,468
7/21/2022,157,124,172,453
7/22/2022,175,181,109,465
7/23/2022,155,254,157,566
7/24/2022,198,149,140,487
7/25/2022,165,192,174,531
7/26/2022,204,283,121,608
7/27/2022,172,282,192,646
7/28/2022,205,129,133,467
7/29/2022,170,128,124,422
7/30/2022,208,230,135,573
7/31/2022,204,168,150,522
8/1/2022,210,188,121,519
8/2/2022,154,212,167,533
8/3/2022,166,265,108,539
8/4/2022,215,245,153,613
8/5/2022,213,195,145,553
8/6/2022,155,231,175,561
8/7/2022,168,170,167,505
8/8/2022,155,225,181,561
8/9/2022,212,205,120,537
8/10/2022,211,209,181,601
8/11/2022,180,153,119,452
8/12/2022,202,228,187,617
8/13/2022,169,175,163,507
8/14/2022,216,208,164,588
8/15/2022,169,196,116,481
8/16/2022,178,218,186,582
8/17/2022,190,249,151,590
8/18/2022,211,134,133,478
8/19/2022,178,207,172,557
8/20/2022,216,266,163,645
8/21/2022,175,192,126,493
8/22/2022,211,140,154,505
8/23/2022,156,221,201,578
8/24/2022,183,252,153,588
8/25/2022,162,149,142,453
8/26/2022,180,247,124,551
8/27/2022,139,258,171,568
8/28/2022,140,137,165,442
8/29/2022,208,191,140,539
8/30/2022,152,172,192,516
8/31/2022,146,181,141,468
9/1/2022,211,233,191,635
9/2/2022,163,231,168,562
9/3/2022,179,223,124,526
9/4/2022,186,232,183,601
9/5/2022,166,217,160,543
9/6/2022,174,150,138,462
9/7/2022,173,163,136,472
9/8/2022,168,234,159,561
9/9/2022,214,203,135,552
9/10/2022,197,239,177,613
9/11/2022,184,136,142,462
9/12/2022,211,227,166,604
9/13/2022,226,252,116,594
9/14/2022,158,168,159,485
9/15/2022,187,280,149,616
9/16/2022,182,222,153,557
9/17/2022,168,217,161,546
9/18/2022,180,216,165,561
9/19/2022,188,282,114,584
9/20/2022,205,282,135,622
9/21/2022,154,219,191,564
9/22/2022,172,148,154,474
9/23/2022,177,216,136,529
9/24/2022,193,263,130,586
9/25/2022,151,235,116,502
9/26/2022,164,229,134,527
9/27/2022,155,264,166,585
9/28/2022,149,275,190,614
9/29/2022,213,182,134,529
9/30/2022,180,170,135,485
10/1/2022,152,262,133,547
10/2/2022,191,215,155,561
10/3/2022,174,174,196,544
10/4/2022,207,188,171,566
10/5/2022,161,281,152,594
10/6/2022,201,195,161,557
10/7/2022,171,233,157,561
10/8/2022,158,228,121,507
10/9/2022,210,148,146,504
10/10/2022,212,229,158,599
10/11/2022,174,242,128,544
10/12/2022,172,244,183,599
10/13/2022,211,176,163,550
10/14/2022,166,255,199,620
10/15/2022,148,233,130,511
10/16/2022,170,232,114,516
10/17/2022,196,174,152,522
10/18/2022,203,244,158,605
10/19/2022,222,223,111,556
10/20/2022,168,187,135,490
10/21/2022,206,172,161,539
10/22/2022,190,126,168,484
10/23/2022,215,264,128,607
10/24/2022,179,274,153,606
10/25/2022,213,288,143,644
10/26/2022,180,199,147,526
10/27/2022,174,242,127,543
10/28/2022,204,215,112,531
10/29/2022,182,144,122,448
10/30/2022,159,259,173,591
10/31/2022,154,216,108,478
11/1/2022,157,151,171,479
11/2/2022,223,143,148,514
11/3/2022,170,230,135,535
11/4/2022,162,278,170,610
11/5/2022,185,247,140,572
11/6/2022,183,246,191,620
11/7/2022,182,244,118,544
11/8/2022,215,190,159,564
11/9/2022,208,207,188,603
11/10/2022,170,189,138,497
11/11/2022,188,156,140,484
11/12/2022,192,185,129,506
11/13/2022,158,227,123,508
11/14/2022,166,252,147,565
11/15/2022,163,176,130,469
11/16/2022,154,224,157,535
11/17/2022,185,193,163,541
11/18/2022,184,180,146,510
11/19/2022,174,204,113,491
11/20/2022,218,243,167,628
11/21/2022,182,274,121,577
11/22/2022,197,214,143,554
11/23/2022,216,211,173,600
11/24/2022,207,194,169,570
11/25/2022,191,219,160,570
11/26/2022,217,140,166,523
11/27/2022,206,151,156,513
11/28/2022,187,262,144,593
11/29/2022,173,185,114,472
11/30/2022,209,249,119,577
12/1/2022,171,251,190,612
12/2/2022,204,154,125,483
12/3/2022,172,258,142,572
12/4/2022,183,130,169,482
12/5/2022,161,172,141,474
12/6/2022,213,219,121,553
12/7/2022,198,244,169,611
12/8/2022,155,263,141,559
12/9/2022,211,175,146,532
12/10/2022,201,136,136,473
12/11/2022,188,200,193,581
12/12/2022,166,268,168,602
12/13/2022,206,170,188,564
12/14/2022,198,156,187,541
12/15/2022,209,147,180,536
12/16/2022,190,136,130,456
12/17/2022,187,203,141,531
12/18/2022,183,145,120,448
12/19/2022,154,209,159,522
12/20/2022,180,228,159,567
12/21/2022,171,179,140,490
12/22/2022,171,259,166,596
12/23/2022,181,247,125,553
12/24/2022,179,256,109,544
12/25/2022,162,137,131,430
12/26/2022,164,249,130,543
12/27/2022,157,274,176,607
12/28/2022,188,246,134,568
12/29/2022,210,183,139,532
12/30/2022,215,179,153,547
12/31/2022,207,142,182,531
